filename;nbNodes;initCost;finalCost;duration;param
centSommets.txt;100;990.0;990.0;0.04685330390930176;0.01
centSommets.txt;100;1009.0;1009.0;0.046189069747924805;0.01
centSommets.txt;100;1000.0;1000.0;0.04599285125732422;0.01
centSommets.txt;100;957.0;957.0;0.046176910400390625;0.01
centSommets.txt;100;1006.0;1006.0;0.046484947204589844;0.01
centSommets.txt;100;1007.0;997.0;0.07812094688415527;0.01
centSommets.txt;100;1028.0;1028.0;0.0460050106048584;0.01
centSommets.txt;100;976.0;968.0;0.07805299758911133;0.01
centSommets.txt;100;960.0;960.0;0.046192169189453125;0.01
centSommets.txt;100;1014.0;1014.0;0.046231985092163086;0.01
centSommets.txt;100;1000.0;1000.0;0.046395063400268555;0.01
centSommets.txt;100;970.0;970.0;0.04622006416320801;0.01
centSommets.txt;100;1020.0;1020.0;0.046217918395996094;0.01
centSommets.txt;100;986.0;986.0;0.04627084732055664;0.01
centSommets.txt;100;976.0;960.0;0.07801389694213867;0.01
centSommets.txt;100;999.0;999.0;0.04628396034240723;0.01
centSommets.txt;100;1034.0;1024.0;0.07808804512023926;0.01
centSommets.txt;100;1033.0;1033.0;0.04633688926696777;0.01
centSommets.txt;100;963.0;963.0;0.04600191116333008;0.01
centSommets.txt;100;1022.0;1022.0;0.04614090919494629;0.01
centSommets.txt;100;1044.0;1033.0;0.07800793647766113;0.01
centSommets.txt;100;1020.0;1020.0;0.04606914520263672;0.01
centSommets.txt;100;957.0;957.0;0.04604792594909668;0.01
centSommets.txt;100;990.0;990.0;0.04589533805847168;0.01
centSommets.txt;100;1004.0;1004.0;0.04601907730102539;0.01
centSommets.txt;100;1000.0;991.0;0.07781720161437988;0.01
centSommets.txt;100;1026.0;1026.0;0.04602980613708496;0.01
centSommets.txt;100;1013.0;1013.0;0.04627490043640137;0.01
centSommets.txt;100;1018.0;1018.0;0.0462799072265625;0.01
centSommets.txt;100;996.0;996.0;0.04663276672363281;0.01
centSommets.txt;100;996.0;996.0;0.046163082122802734;0.01
centSommets.txt;100;977.0;977.0;0.04600930213928223;0.01
centSommets.txt;100;993.0;993.0;0.046029090881347656;0.01
centSommets.txt;100;1000.0;1000.0;0.045892953872680664;0.01
centSommets.txt;100;1027.0;1027.0;0.04579472541809082;0.01
centSommets.txt;100;991.0;991.0;0.04629993438720703;0.01
centSommets.txt;100;980.0;980.0;0.046180009841918945;0.01
centSommets.txt;100;1001.0;991.0;0.07821416854858398;0.01
centSommets.txt;100;974.0;974.0;0.04591679573059082;0.01
centSommets.txt;100;1019.0;1019.0;0.04622483253479004;0.01
centSommets.txt;100;968.0;968.0;0.04616093635559082;0.01
centSommets.txt;100;1004.0;1004.0;0.04623007774353027;0.01
centSommets.txt;100;1037.0;1037.0;0.04620218276977539;0.01
centSommets.txt;100;1000.0;988.0;0.07790422439575195;0.01
centSommets.txt;100;993.0;993.0;0.04599404335021973;0.01
centSommets.txt;100;1014.0;1014.0;0.04621601104736328;0.01
centSommets.txt;100;984.0;984.0;0.046074867248535156;0.01
centSommets.txt;100;986.0;986.0;0.046237945556640625;0.01
centSommets.txt;100;1007.0;1007.0;0.04610896110534668;0.01
centSommets.txt;100;973.0;973.0;0.04609417915344238;0.01
centSommets.txt;100;992.0;992.0;0.04650282859802246;0.01
centSommets.txt;100;1002.0;1002.0;0.046189069747924805;0.01
centSommets.txt;100;983.0;983.0;0.046102046966552734;0.01
centSommets.txt;100;1013.0;1013.0;0.04633903503417969;0.01
centSommets.txt;100;1008.0;1008.0;0.046331167221069336;0.01
centSommets.txt;100;993.0;993.0;0.045928955078125;0.01
centSommets.txt;100;1026.0;1026.0;0.04614114761352539;0.01
centSommets.txt;100;957.0;957.0;0.04616880416870117;0.01
centSommets.txt;100;1000.0;1000.0;0.04599809646606445;0.01
centSommets.txt;100;1016.0;1016.0;0.046006202697753906;0.01
centSommets.txt;100;987.0;987.0;0.046118736267089844;0.01
centSommets.txt;100;966.0;966.0;0.046109914779663086;0.01
centSommets.txt;100;1007.0;1007.0;0.046111345291137695;0.01
centSommets.txt;100;1005.0;1005.0;0.045948028564453125;0.01
centSommets.txt;100;997.0;997.0;0.04620218276977539;0.01
centSommets.txt;100;972.0;972.0;0.04624509811401367;0.01
centSommets.txt;100;975.0;975.0;0.04616498947143555;0.01
centSommets.txt;100;1028.0;1028.0;0.046473026275634766;0.01
centSommets.txt;100;994.0;994.0;0.04603886604309082;0.01
centSommets.txt;100;1017.0;1017.0;0.0460658073425293;0.01
centSommets.txt;100;1024.0;1024.0;0.04615497589111328;0.01
centSommets.txt;100;1034.0;1020.0;0.07856369018554688;0.01
centSommets.txt;100;1008.0;1008.0;0.04611682891845703;0.01
centSommets.txt;100;980.0;980.0;0.04655599594116211;0.01
centSommets.txt;100;1031.0;1031.0;0.04603719711303711;0.01
centSommets.txt;100;986.0;981.0;0.07802796363830566;0.01
centSommets.txt;100;998.0;998.0;0.04603290557861328;0.01
centSommets.txt;100;988.0;988.0;0.04615974426269531;0.01
centSommets.txt;100;998.0;998.0;0.046045780181884766;0.01
centSommets.txt;100;1006.0;1006.0;0.04610896110534668;0.01
centSommets.txt;100;989.0;989.0;0.04618501663208008;0.01
centSommets.txt;100;990.0;990.0;0.04602336883544922;0.01
centSommets.txt;100;999.0;999.0;0.04619193077087402;0.01
centSommets.txt;100;1005.0;1005.0;0.046141862869262695;0.01
centSommets.txt;100;949.0;949.0;0.04607534408569336;0.01
centSommets.txt;100;999.0;999.0;0.04619097709655762;0.01
centSommets.txt;100;939.0;939.0;0.04631996154785156;0.01
centSommets.txt;100;1029.0;1016.0;0.07806396484375;0.01
centSommets.txt;100;1006.0;1006.0;0.04616594314575195;0.01
centSommets.txt;100;1028.0;1020.0;0.0781397819519043;0.01
centSommets.txt;100;994.0;985.0;0.07817888259887695;0.01
centSommets.txt;100;1013.0;1013.0;0.04604005813598633;0.01
centSommets.txt;100;1026.0;1026.0;0.04614400863647461;0.01
centSommets.txt;100;1010.0;1010.0;0.04619288444519043;0.01
centSommets.txt;100;1033.0;1033.0;0.046124935150146484;0.01
centSommets.txt;100;985.0;985.0;0.04589533805847168;0.01
centSommets.txt;100;979.0;979.0;0.046025991439819336;0.01
centSommets.txt;100;1003.0;1003.0;0.046124935150146484;0.01
centSommets.txt;100;1001.0;1001.0;0.04622197151184082;0.01
centSommets.txt;100;987.0;978.0;0.07795000076293945;0.01
centSommets.txt;100;1010.0;858.0;0.9369451999664307;0.02
centSommets.txt;100;1023.0;1023.0;0.04616212844848633;0.02
centSommets.txt;100;999.0;889.0;0.7457740306854248;0.02
centSommets.txt;100;1013.0;1013.0;0.04604315757751465;0.02
centSommets.txt;100;1006.0;1006.0;0.045678138732910156;0.02
centSommets.txt;100;996.0;996.0;0.04575920104980469;0.02
centSommets.txt;100;1039.0;1039.0;0.045603036880493164;0.02
centSommets.txt;100;956.0;956.0;0.04573798179626465;0.02
centSommets.txt;100;1017.0;853.0;0.9705989360809326;0.02
centSommets.txt;100;1030.0;862.0;1.006324052810669;0.02
centSommets.txt;100;975.0;975.0;0.04605579376220703;0.02
centSommets.txt;100;1040.0;874.0;0.9378418922424316;0.02
centSommets.txt;100;991.0;991.0;0.045857906341552734;0.02
centSommets.txt;100;973.0;973.0;0.046193838119506836;0.02
centSommets.txt;100;1017.0;918.0;0.5249819755554199;0.02
centSommets.txt;100;1027.0;894.0;0.5233547687530518;0.02
centSommets.txt;100;906.0;906.0;0.04613685607910156;0.02
centSommets.txt;100;975.0;975.0;0.04619312286376953;0.02
centSommets.txt;100;1011.0;1011.0;0.04581499099731445;0.02
centSommets.txt;100;1007.0;860.0;0.9054350852966309;0.02
centSommets.txt;100;1018.0;886.0;0.809481143951416;0.02
centSommets.txt;100;987.0;987.0;0.04617190361022949;0.02
centSommets.txt;100;974.0;974.0;0.04598188400268555;0.02
centSommets.txt;100;1026.0;1026.0;0.04593920707702637;0.02
centSommets.txt;100;1062.0;876.0;0.9698152542114258;0.02
centSommets.txt;100;1001.0;869.0;0.8740153312683105;0.02
centSommets.txt;100;975.0;975.0;0.04597973823547363;0.02
centSommets.txt;100;963.0;963.0;0.04630112648010254;0.02
centSommets.txt;100;965.0;965.0;0.04598879814147949;0.02
centSommets.txt;100;1004.0;1004.0;0.04604506492614746;0.02
centSommets.txt;100;980.0;980.0;0.046536922454833984;0.02
centSommets.txt;100;956.0;956.0;0.04642915725708008;0.02
centSommets.txt;100;1027.0;1027.0;0.046066999435424805;0.02
centSommets.txt;100;993.0;993.0;0.0462338924407959;0.02
centSommets.txt;100;995.0;874.0;0.811229944229126;0.02
centSommets.txt;100;991.0;991.0;0.04621696472167969;0.02
centSommets.txt;100;1017.0;1017.0;0.04622912406921387;0.02
centSommets.txt;100;1000.0;1000.0;0.04621481895446777;0.02
centSommets.txt;100;1007.0;868.0;1.0357677936553955;0.02
centSommets.txt;100;1023.0;869.0;1.1617579460144043;0.02
centSommets.txt;100;998.0;878.0;0.6530122756958008;0.02
centSommets.txt;100;998.0;998.0;0.046072959899902344;0.02
centSommets.txt;100;1009.0;895.0;0.5573978424072266;0.02
centSommets.txt;100;994.0;994.0;0.046133995056152344;0.02
centSommets.txt;100;1000.0;1000.0;0.04611802101135254;0.02
centSommets.txt;100;978.0;978.0;0.046000003814697266;0.02
centSommets.txt;100;1011.0;1011.0;0.046343088150024414;0.02
centSommets.txt;100;1001.0;1001.0;0.046163082122802734;0.02
centSommets.txt;100;1020.0;883.0;0.8448982238769531;0.02
centSommets.txt;100;912.0;912.0;0.04594874382019043;0.02
centSommets.txt;100;995.0;868.0;0.8750770092010498;0.02
centSommets.txt;100;1016.0;887.0;0.7154726982116699;0.02
centSommets.txt;100;1016.0;869.0;0.9714691638946533;0.02
centSommets.txt;100;1024.0;1024.0;0.04605817794799805;0.02
centSommets.txt;100;981.0;981.0;0.04598808288574219;0.02
centSommets.txt;100;1006.0;1006.0;0.045986175537109375;0.02
centSommets.txt;100;958.0;958.0;0.04631781578063965;0.02
centSommets.txt;100;1009.0;1009.0;0.04625415802001953;0.02
centSommets.txt;100;1008.0;1008.0;0.04601287841796875;0.02
centSommets.txt;100;1004.0;852.0;0.9055910110473633;0.02
centSommets.txt;100;1028.0;880.0;0.8108532428741455;0.02
centSommets.txt;100;965.0;965.0;0.0462031364440918;0.02
centSommets.txt;100;1008.0;1008.0;0.04613518714904785;0.02
centSommets.txt;100;980.0;884.0;0.6187000274658203;0.02
centSommets.txt;100;1002.0;855.0;0.9693658351898193;0.02
centSommets.txt;100;1006.0;860.0;0.8737988471984863;0.02
centSommets.txt;100;1040.0;858.0;1.1287460327148438;0.02
centSommets.txt;100;1015.0;873.0;1.224134922027588;0.02
centSommets.txt;100;1033.0;1033.0;0.04613304138183594;0.02
centSommets.txt;100;1001.0;1001.0;0.04613924026489258;0.02
centSommets.txt;100;1045.0;867.0;1.0983779430389404;0.02
centSommets.txt;100;1017.0;1017.0;0.046029090881347656;0.02
centSommets.txt;100;1002.0;1002.0;0.04601788520812988;0.02
centSommets.txt;100;1018.0;1018.0;0.046159982681274414;0.02
centSommets.txt;100;1008.0;1008.0;0.04661417007446289;0.02
centSommets.txt;100;1018.0;1018.0;0.04611039161682129;0.02
centSommets.txt;100;1034.0;890.0;0.7781381607055664;0.02
centSommets.txt;100;1016.0;837.0;1.256566047668457;0.02
centSommets.txt;100;996.0;996.0;0.046439170837402344;0.02
centSommets.txt;100;997.0;997.0;0.04625511169433594;0.02
centSommets.txt;100;1003.0;874.0;0.7153761386871338;0.02
centSommets.txt;100;984.0;984.0;0.04611706733703613;0.02
centSommets.txt;100;994.0;875.0;0.7807860374450684;0.02
centSommets.txt;100;971.0;971.0;0.04604005813598633;0.02
centSommets.txt;100;1030.0;882.0;0.905440092086792;0.02
centSommets.txt;100;990.0;990.0;0.0460810661315918;0.02
centSommets.txt;100;1021.0;1021.0;0.0461270809173584;0.02
centSommets.txt;100;910.0;910.0;0.04596090316772461;0.02
centSommets.txt;100;992.0;992.0;0.045999765396118164;0.02
centSommets.txt;100;941.0;941.0;0.04582619667053223;0.02
centSommets.txt;100;990.0;863.0;0.8116950988769531;0.02
centSommets.txt;100;1024.0;1024.0;0.04595208168029785;0.02
centSommets.txt;100;978.0;978.0;0.04609084129333496;0.02
centSommets.txt;100;982.0;982.0;0.04623818397521973;0.02
centSommets.txt;100;1010.0;852.0;1.2880210876464844;0.02
centSommets.txt;100;1025.0;1025.0;0.04610896110534668;0.02
centSommets.txt;100;1006.0;1006.0;0.04607510566711426;0.02
centSommets.txt;100;999.0;999.0;0.04590892791748047;0.02
centSommets.txt;100;1013.0;1013.0;0.04600071907043457;0.02
centSommets.txt;100;1019.0;1019.0;0.046156883239746094;0.02
centSommets.txt;100;926.0;926.0;0.04594087600708008;0.03
centSommets.txt;100;971.0;971.0;0.04616713523864746;0.03
centSommets.txt;100;985.0;881.0;0.811298131942749;0.03
centSommets.txt;100;998.0;998.0;0.04595184326171875;0.03
centSommets.txt;100;1046.0;857.0;1.1293916702270508;0.03
centSommets.txt;100;971.0;971.0;0.04604387283325195;0.03
centSommets.txt;100;1004.0;871.0;0.825139045715332;0.03
centSommets.txt;100;1009.0;1009.0;0.04618501663208008;0.03
centSommets.txt;100;1012.0;852.0;1.0989680290222168;0.03
centSommets.txt;100;983.0;983.0;0.04597187042236328;0.03
centSommets.txt;100;998.0;998.0;0.04596567153930664;0.03
centSommets.txt;100;1010.0;851.0;1.3849399089813232;0.03
centSommets.txt;100;980.0;980.0;0.04608893394470215;0.03
centSommets.txt;100;1002.0;855.0;1.1013200283050537;0.03
centSommets.txt;100;1000.0;1000.0;0.04617023468017578;0.03
centSommets.txt;100;1016.0;1016.0;0.04601430892944336;0.03
centSommets.txt;100;1013.0;1013.0;0.046285152435302734;0.03
centSommets.txt;100;1012.0;862.0;1.0651161670684814;0.03
centSommets.txt;100;1048.0;866.0;1.0033330917358398;0.03
centSommets.txt;100;1006.0;850.0;0.9118931293487549;0.03
centSommets.txt;100;967.0;967.0;0.045955657958984375;0.03
centSommets.txt;100;1040.0;886.0;0.810032844543457;0.03
centSommets.txt;100;969.0;969.0;0.04632091522216797;0.03
centSommets.txt;100;999.0;999.0;0.04597878456115723;0.03
centSommets.txt;100;993.0;993.0;0.045751094818115234;0.03
centSommets.txt;100;1016.0;1016.0;0.04590487480163574;0.03
centSommets.txt;100;1025.0;864.0;1.2222578525543213;0.03
centSommets.txt;100;1019.0;1019.0;0.046112060546875;0.03
centSommets.txt;100;971.0;873.0;0.7218313217163086;0.03
centSommets.txt;100;982.0;982.0;0.0469818115234375;0.03
centSommets.txt;100;970.0;970.0;0.04673480987548828;0.03
centSommets.txt;100;1000.0;1000.0;0.04607200622558594;0.03
centSommets.txt;100;1006.0;858.0;0.9705729484558105;0.03
centSommets.txt;100;1011.0;1011.0;0.046288251876831055;0.03
centSommets.txt;100;1022.0;1022.0;0.04604220390319824;0.03
centSommets.txt;100;1004.0;872.0;0.8432338237762451;0.03
centSommets.txt;100;1005.0;871.0;0.7782070636749268;0.03
centSommets.txt;100;1003.0;871.0;0.8430609703063965;0.03
centSommets.txt;100;1005.0;894.0;0.7478859424591064;0.03
centSommets.txt;100;1014.0;859.0;0.9702122211456299;0.03
centSommets.txt;100;998.0;998.0;0.04563713073730469;0.03
centSommets.txt;100;994.0;850.0;1.066650152206421;0.03
centSommets.txt;100;1020.0;918.0;0.46016502380371094;0.03
centSommets.txt;100;1028.0;849.0;1.1927969455718994;0.03
centSommets.txt;100;998.0;998.0;0.04615497589111328;0.03
centSommets.txt;100;999.0;999.0;0.04617023468017578;0.03
centSommets.txt;100;992.0;992.0;0.04648184776306152;0.03
centSommets.txt;100;972.0;972.0;0.0462651252746582;0.03
centSommets.txt;100;985.0;985.0;0.0459589958190918;0.03
centSommets.txt;100;971.0;868.0;0.6487071514129639;0.03
centSommets.txt;100;1027.0;867.0;0.9382050037384033;0.03
centSommets.txt;100;1004.0;868.0;0.9071609973907471;0.03
centSommets.txt;100;952.0;952.0;0.04601693153381348;0.03
centSommets.txt;100;985.0;857.0;0.9712040424346924;0.03
centSommets.txt;100;999.0;876.0;0.7800309658050537;0.03
centSommets.txt;100;989.0;989.0;0.04626893997192383;0.03
centSommets.txt;100;991.0;991.0;0.046089887619018555;0.03
centSommets.txt;100;1001.0;895.0;0.589317798614502;0.03
centSommets.txt;100;974.0;974.0;0.04608488082885742;0.03
centSommets.txt;100;975.0;975.0;0.04600977897644043;0.03
centSommets.txt;100;987.0;987.0;0.04627680778503418;0.03
centSommets.txt;100;1018.0;1018.0;0.04610180854797363;0.03
centSommets.txt;100;982.0;873.0;0.7795860767364502;0.03
centSommets.txt;100;990.0;990.0;0.04605531692504883;0.03
centSommets.txt;100;979.0;979.0;0.046170949935913086;0.03
centSommets.txt;100;992.0;874.0;0.7823760509490967;0.03
centSommets.txt;100;976.0;976.0;0.045678138732910156;0.03
centSommets.txt;100;1027.0;856.0;1.0065059661865234;0.03
centSommets.txt;100;1037.0;1037.0;0.04623007774353027;0.03
centSommets.txt;100;995.0;855.0;0.9072549343109131;0.03
centSommets.txt;100;1024.0;862.0;0.907480001449585;0.03
centSommets.txt;100;1010.0;1010.0;0.046076059341430664;0.03
centSommets.txt;100;1034.0;1034.0;0.046066999435424805;0.03
centSommets.txt;100;1036.0;1036.0;0.04611992835998535;0.03
centSommets.txt;100;999.0;999.0;0.04584193229675293;0.03
centSommets.txt;100;1001.0;1001.0;0.04607105255126953;0.03
centSommets.txt;100;957.0;957.0;0.04589080810546875;0.03
centSommets.txt;100;979.0;979.0;0.045938968658447266;0.03
centSommets.txt;100;1007.0;1007.0;0.0460970401763916;0.03
centSommets.txt;100;1025.0;1025.0;0.04619598388671875;0.03
centSommets.txt;100;982.0;982.0;0.04614663124084473;0.03
centSommets.txt;100;1001.0;1001.0;0.04616403579711914;0.03
centSommets.txt;100;1010.0;866.0;1.0335919857025146;0.03
centSommets.txt;100;991.0;869.0;0.8116381168365479;0.03
centSommets.txt;100;997.0;997.0;0.045945167541503906;0.03
centSommets.txt;100;981.0;981.0;0.04608798027038574;0.03
centSommets.txt;100;1008.0;861.0;0.9073300361633301;0.03
centSommets.txt;100;999.0;872.0;0.8125879764556885;0.03
centSommets.txt;100;980.0;980.0;0.04605889320373535;0.03
centSommets.txt;100;1018.0;895.0;0.6510028839111328;0.03
centSommets.txt;100;995.0;995.0;0.04592013359069824;0.03
centSommets.txt;100;1010.0;855.0;1.2566442489624023;0.03
centSommets.txt;100;992.0;992.0;0.045909881591796875;0.03
centSommets.txt;100;927.0;927.0;0.04606008529663086;0.03
centSommets.txt;100;1019.0;1019.0;0.04648923873901367;0.03
centSommets.txt;100;999.0;999.0;0.046228885650634766;0.03
centSommets.txt;100;999.0;999.0;0.045848846435546875;0.03
centSommets.txt;100;1017.0;878.0;0.8745729923248291;0.03
centSommets.txt;100;1024.0;1024.0;0.04587602615356445;0.03
centSommets.txt;100;988.0;988.0;0.04603075981140137;0.03
centSommets.txt;100;997.0;997.0;0.045831918716430664;0.04
centSommets.txt;100;1006.0;1006.0;0.04618477821350098;0.04
centSommets.txt;100;977.0;977.0;0.04609370231628418;0.04
centSommets.txt;100;993.0;993.0;0.04602193832397461;0.04
centSommets.txt;100;982.0;982.0;0.04573702812194824;0.04
centSommets.txt;100;1021.0;848.0;1.065938949584961;0.04
centSommets.txt;100;1026.0;893.0;0.6844120025634766;0.04
centSommets.txt;100;945.0;945.0;0.04613995552062988;0.04
centSommets.txt;100;971.0;887.0;0.4608461856842041;0.04
centSommets.txt;100;944.0;944.0;0.0462651252746582;0.04
centSommets.txt;100;977.0;869.0;0.6525681018829346;0.04
centSommets.txt;100;1005.0;908.0;0.5241339206695557;0.04
centSommets.txt;100;1027.0;867.0;0.8445732593536377;0.04
centSommets.txt;100;959.0;959.0;0.04625296592712402;0.04
centSommets.txt;100;1020.0;855.0;0.9733901023864746;0.04
centSommets.txt;100;1016.0;884.0;0.684657096862793;0.04
centSommets.txt;100;984.0;984.0;0.04621624946594238;0.04
centSommets.txt;100;995.0;895.0;0.5559849739074707;0.04
centSommets.txt;100;1008.0;905.0;0.5571677684783936;0.04
centSommets.txt;100;996.0;864.0;0.8765277862548828;0.04
centSommets.txt;100;999.0;999.0;0.04594898223876953;0.04
centSommets.txt;100;1017.0;857.0;0.9076859951019287;0.04
centSommets.txt;100;997.0;997.0;0.046115875244140625;0.04
centSommets.txt;100;1018.0;884.0;0.7802777290344238;0.04
centSommets.txt;100;1015.0;865.0;1.0667259693145752;0.04
centSommets.txt;100;1009.0;1009.0;0.04592490196228027;0.04
centSommets.txt;100;1020.0;1020.0;0.04611992835998535;0.04
centSommets.txt;100;1011.0;868.0;0.9070589542388916;0.04
centSommets.txt;100;973.0;973.0;0.04620695114135742;0.04
centSommets.txt;100;940.0;940.0;0.046157121658325195;0.04
centSommets.txt;100;980.0;980.0;0.04608917236328125;0.04
centSommets.txt;100;988.0;875.0;0.747657060623169;0.04
centSommets.txt;100;991.0;991.0;0.04609084129333496;0.04
centSommets.txt;100;981.0;981.0;0.046196937561035156;0.04
centSommets.txt;100;1004.0;879.0;0.6528429985046387;0.04
centSommets.txt;100;1020.0;1020.0;0.046011924743652344;0.04
centSommets.txt;100;1012.0;887.0;0.7169997692108154;0.04
centSommets.txt;100;1010.0;873.0;0.9070713520050049;0.04
centSommets.txt;100;1017.0;1017.0;0.046215057373046875;0.04
centSommets.txt;100;989.0;989.0;0.04660201072692871;0.04
centSommets.txt;100;990.0;990.0;0.04607105255126953;0.04
centSommets.txt;100;999.0;999.0;0.04616189002990723;0.04
centSommets.txt;100;979.0;979.0;0.04621100425720215;0.04
centSommets.txt;100;1039.0;878.0;0.8744339942932129;0.04
centSommets.txt;100;997.0;874.0;0.6835691928863525;0.04
centSommets.txt;100;1041.0;889.0;0.798367977142334;0.04
centSommets.txt;100;1001.0;872.0;0.6209888458251953;0.04
centSommets.txt;100;1018.0;888.0;0.7169392108917236;0.04
centSommets.txt;100;959.0;959.0;0.04630279541015625;0.04
centSommets.txt;100;1010.0;864.0;0.9712040424346924;0.04
centSommets.txt;100;988.0;988.0;0.04589200019836426;0.04
centSommets.txt;100;1009.0;877.0;0.7161610126495361;0.04
centSommets.txt;100;1000.0;852.0;0.8114948272705078;0.04
centSommets.txt;100;1007.0;1007.0;0.045964956283569336;0.04
centSommets.txt;100;1011.0;858.0;0.9387109279632568;0.04
centSommets.txt;100;1016.0;1016.0;0.04614615440368652;0.04
centSommets.txt;100;1002.0;851.0;0.8123829364776611;0.04
centSommets.txt;100;1041.0;1041.0;0.04616498947143555;0.04
centSommets.txt;100;990.0;990.0;0.04626178741455078;0.04
centSommets.txt;100;1003.0;899.0;0.5248591899871826;0.04
centSommets.txt;100;984.0;984.0;0.04606986045837402;0.04
centSommets.txt;100;986.0;986.0;0.046199798583984375;0.04
centSommets.txt;100;996.0;863.0;0.9076347351074219;0.04
centSommets.txt;100;988.0;884.0;0.6529879570007324;0.04
centSommets.txt;100;967.0;967.0;0.04606223106384277;0.04
centSommets.txt;100;993.0;858.0;1.0707688331604004;0.04
centSommets.txt;100;996.0;996.0;0.04614567756652832;0.04
centSommets.txt;100;1008.0;871.0;0.8780901432037354;0.04
centSommets.txt;100;968.0;968.0;0.0463559627532959;0.04
centSommets.txt;100;1003.0;889.0;0.652677059173584;0.04
centSommets.txt;100;1005.0;1005.0;0.04608011245727539;0.04
centSommets.txt;100;1015.0;1015.0;0.04595589637756348;0.04
centSommets.txt;100;995.0;842.0;1.098724126815796;0.04
centSommets.txt;100;984.0;876.0;0.7152340412139893;0.04
centSommets.txt;100;967.0;967.0;0.04592275619506836;0.04
centSommets.txt;100;1000.0;892.0;0.5886809825897217;0.04
centSommets.txt;100;999.0;863.0;0.8112170696258545;0.04
centSommets.txt;100;1004.0;917.0;0.4286060333251953;0.04
centSommets.txt;100;976.0;976.0;0.046025991439819336;0.04
centSommets.txt;100;999.0;906.0;0.557171106338501;0.04
centSommets.txt;100;1014.0;1014.0;0.04641413688659668;0.04
centSommets.txt;100;1016.0;869.0;0.9078481197357178;0.04
centSommets.txt;100;996.0;996.0;0.04610610008239746;0.04
centSommets.txt;100;1039.0;855.0;1.0356230735778809;0.04
centSommets.txt;100;1010.0;877.0;0.7808170318603516;0.04
centSommets.txt;100;997.0;997.0;0.04629087448120117;0.04
centSommets.txt;100;996.0;864.0;0.7162749767303467;0.04
centSommets.txt;100;1007.0;885.0;0.7163660526275635;0.04
centSommets.txt;100;1006.0;1006.0;0.04613208770751953;0.04
centSommets.txt;100;988.0;988.0;0.04623603820800781;0.04
centSommets.txt;100;993.0;883.0;0.7474749088287354;0.04
centSommets.txt;100;1005.0;1005.0;0.04621100425720215;0.04
centSommets.txt;100;1007.0;1007.0;0.04640007019042969;0.04
centSommets.txt;100;976.0;976.0;0.045918941497802734;0.04
centSommets.txt;100;1007.0;874.0;0.6838161945343018;0.04
centSommets.txt;100;1012.0;878.0;0.7155780792236328;0.04
centSommets.txt;100;960.0;960.0;0.046192169189453125;0.04
centSommets.txt;100;997.0;997.0;0.04611611366271973;0.04
centSommets.txt;100;998.0;998.0;0.04627799987792969;0.04
centSommets.txt;100;993.0;897.0;0.5555241107940674;0.04
centSommets.txt;100;1010.0;905.0;0.5578382015228271;0.05
centSommets.txt;100;979.0;979.0;0.04616904258728027;0.05
centSommets.txt;100;1024.0;1024.0;0.046029090881347656;0.05
centSommets.txt;100;1023.0;1023.0;0.04611682891845703;0.05
centSommets.txt;100;1003.0;854.0;0.8749759197235107;0.05
centSommets.txt;100;983.0;983.0;0.04594302177429199;0.05
centSommets.txt;100;979.0;979.0;0.04606914520263672;0.05
centSommets.txt;100;980.0;848.0;1.068274974822998;0.05
centSommets.txt;100;1001.0;1001.0;0.04627203941345215;0.05
centSommets.txt;100;993.0;881.0;0.7176370620727539;0.05
centSommets.txt;100;1013.0;884.0;0.7817211151123047;0.05
centSommets.txt;100;981.0;981.0;0.046089887619018555;0.05
centSommets.txt;100;934.0;934.0;0.046021223068237305;0.05
centSommets.txt;100;1003.0;889.0;0.6775729656219482;0.05
centSommets.txt;100;995.0;889.0;0.7157421112060547;0.05
centSommets.txt;100;1009.0;869.0;0.9709408283233643;0.05
centSommets.txt;100;994.0;868.0;0.8434250354766846;0.05
centSommets.txt;100;989.0;989.0;0.046182870864868164;0.05
centSommets.txt;100;1004.0;888.0;0.6214768886566162;0.05
centSommets.txt;100;984.0;984.0;0.04609107971191406;0.05
centSommets.txt;100;999.0;869.0;0.8432772159576416;0.05
centSommets.txt;100;1014.0;854.0;0.8745098114013672;0.05
centSommets.txt;100;1010.0;873.0;0.9393510818481445;0.05
centSommets.txt;100;928.0;928.0;0.0459589958190918;0.05
centSommets.txt;100;1029.0;900.0;0.6841180324554443;0.05
centSommets.txt;100;1005.0;887.0;0.6508300304412842;0.05
centSommets.txt;100;982.0;925.0;0.23706912994384766;0.05
centSommets.txt;100;1024.0;1024.0;0.04601907730102539;0.05
centSommets.txt;100;1015.0;1015.0;0.046185970306396484;0.05
centSommets.txt;100;1018.0;885.0;0.8099672794342041;0.05
centSommets.txt;100;1008.0;887.0;0.6513071060180664;0.05
centSommets.txt;100;1012.0;866.0;0.6831610202789307;0.05
centSommets.txt;100;1002.0;845.0;1.0019712448120117;0.05
centSommets.txt;100;987.0;871.0;0.9071311950683594;0.05
centSommets.txt;100;1004.0;899.0;0.6189849376678467;0.05
centSommets.txt;100;1024.0;1024.0;0.04606819152832031;0.05
centSommets.txt;100;963.0;883.0;0.6516621112823486;0.05
centSommets.txt;100;998.0;998.0;0.04619407653808594;0.05
centSommets.txt;100;991.0;991.0;0.045922040939331055;0.05
centSommets.txt;100;999.0;848.0;0.939227819442749;0.05
centSommets.txt;100;986.0;863.0;0.9396960735321045;0.05
centSommets.txt;100;1014.0;882.0;0.7798700332641602;0.05
centSommets.txt;100;1036.0;900.0;0.7478840351104736;0.05
centSommets.txt;100;1004.0;1004.0;0.04619193077087402;0.05
centSommets.txt;100;1015.0;890.0;0.6520709991455078;0.05
centSommets.txt;100;990.0;990.0;0.04599714279174805;0.05
centSommets.txt;100;988.0;988.0;0.04602313041687012;0.05
centSommets.txt;100;964.0;964.0;0.04592776298522949;0.05
centSommets.txt;100;1034.0;1034.0;0.04600787162780762;0.05
centSommets.txt;100;963.0;963.0;0.046037912368774414;0.05
centSommets.txt;100;1015.0;1015.0;0.04605913162231445;0.05
centSommets.txt;100;964.0;964.0;0.04593300819396973;0.05
centSommets.txt;100;997.0;857.0;0.9701991081237793;0.05
centSommets.txt;100;1026.0;862.0;0.9067068099975586;0.05
centSommets.txt;100;996.0;996.0;0.04616594314575195;0.05
centSommets.txt;100;964.0;964.0;0.04613614082336426;0.05
centSommets.txt;100;1017.0;1017.0;0.04611706733703613;0.05
centSommets.txt;100;985.0;985.0;0.04627490043640137;0.05
centSommets.txt;100;966.0;966.0;0.04606175422668457;0.05
centSommets.txt;100;975.0;975.0;0.046048879623413086;0.05
centSommets.txt;100;996.0;876.0;0.7488381862640381;0.05
centSommets.txt;100;999.0;999.0;0.046072959899902344;0.05
centSommets.txt;100;1029.0;875.0;0.9081981182098389;0.05
centSommets.txt;100;977.0;867.0;0.5885350704193115;0.05
centSommets.txt;100;976.0;877.0;0.6534202098846436;0.05
centSommets.txt;100;991.0;991.0;0.04617810249328613;0.05
centSommets.txt;100;1028.0;878.0;0.9073750972747803;0.05
centSommets.txt;100;991.0;991.0;0.045969247817993164;0.05
centSommets.txt;100;1005.0;1005.0;0.04620218276977539;0.05
centSommets.txt;100;1011.0;899.0;0.49350690841674805;0.05
centSommets.txt;100;1011.0;1011.0;0.04607415199279785;0.05
centSommets.txt;100;985.0;985.0;0.04605412483215332;0.05
centSommets.txt;100;1002.0;1002.0;0.046193838119506836;0.05
centSommets.txt;100;1005.0;874.0;0.8748040199279785;0.05
centSommets.txt;100;1029.0;863.0;1.0343432426452637;0.05
centSommets.txt;100;979.0;979.0;0.04606795310974121;0.05
centSommets.txt;100;954.0;954.0;0.046035051345825195;0.05
centSommets.txt;100;1011.0;845.0;1.0674872398376465;0.05
centSommets.txt;100;990.0;883.0;0.6679470539093018;0.05
centSommets.txt;100;935.0;935.0;0.046311378479003906;0.05
centSommets.txt;100;1005.0;855.0;1.1947228908538818;0.05
centSommets.txt;100;985.0;985.0;0.045844078063964844;0.05
centSommets.txt;100;1005.0;1005.0;0.04603314399719238;0.05
centSommets.txt;100;989.0;989.0;0.046000003814697266;0.05
centSommets.txt;100;1008.0;874.0;0.9698967933654785;0.05
centSommets.txt;100;1031.0;869.0;0.8733980655670166;0.05
centSommets.txt;100;978.0;978.0;0.046328067779541016;0.05
centSommets.txt;100;1028.0;890.0;0.6513972282409668;0.05
centSommets.txt;100;1010.0;884.0;0.7172360420227051;0.05
centSommets.txt;100;998.0;881.0;0.6866178512573242;0.05
centSommets.txt;100;1021.0;880.0;0.620607852935791;0.05
centSommets.txt;100;1005.0;897.0;0.7493100166320801;0.05
centSommets.txt;100;1015.0;872.0;0.877985954284668;0.05
centSommets.txt;100;997.0;873.0;0.7807929515838623;0.05
centSommets.txt;100;1039.0;1039.0;0.04623103141784668;0.05
centSommets.txt;100;1003.0;1003.0;0.04619622230529785;0.05
centSommets.txt;100;973.0;973.0;0.04625082015991211;0.05
centSommets.txt;100;1021.0;1021.0;0.04596376419067383;0.05
centSommets.txt;100;1015.0;851.0;0.9719769954681396;0.05
centSommets.txt;100;1039.0;877.0;1.0030956268310547;0.05
centSommets.txt;100;1008.0;866.0;0.8458719253540039;0.06
centSommets.txt;100;1042.0;859.0;1.0046381950378418;0.06
centSommets.txt;100;1015.0;886.0;0.7166540622711182;0.06
centSommets.txt;100;1003.0;1003.0;0.04633808135986328;0.06
centSommets.txt;100;962.0;962.0;0.04598712921142578;0.06
centSommets.txt;100;969.0;969.0;0.04656386375427246;0.06
centSommets.txt;100;1002.0;1002.0;0.04657316207885742;0.06
centSommets.txt;100;1036.0;863.0;0.9102931022644043;0.06
centSommets.txt;100;1020.0;1020.0;0.04608011245727539;0.06
centSommets.txt;100;977.0;977.0;0.046113014221191406;0.06
centSommets.txt;100;982.0;862.0;0.71531081199646;0.06
centSommets.txt;100;975.0;975.0;0.045955657958984375;0.06
centSommets.txt;100;999.0;903.0;0.4925577640533447;0.06
centSommets.txt;100;1000.0;881.0;0.7481069564819336;0.06
centSommets.txt;100;993.0;862.0;0.9059062004089355;0.06
centSommets.txt;100;1014.0;850.0;1.160736083984375;0.06
centSommets.txt;100;1053.0;879.0;1.034041166305542;0.06
centSommets.txt;100;985.0;985.0;0.04605388641357422;0.06
centSommets.txt;100;1008.0;850.0;1.0014088153839111;0.06
centSommets.txt;100;1024.0;877.0;0.8116722106933594;0.06
centSommets.txt;100;1032.0;857.0;0.939795970916748;0.06
centSommets.txt;100;954.0;954.0;0.046115875244140625;0.06
centSommets.txt;100;985.0;899.0;0.4931221008300781;0.06
centSommets.txt;100;992.0;865.0;0.7491550445556641;0.06
centSommets.txt;100;1032.0;890.0;0.6525228023529053;0.06
centSommets.txt;100;1023.0;896.0;0.5577919483184814;0.06
centSommets.txt;100;1009.0;877.0;0.8761410713195801;0.06
centSommets.txt;100;1028.0;866.0;1.0364248752593994;0.06
centSommets.txt;100;972.0;972.0;0.04613089561462402;0.06
centSommets.txt;100;999.0;886.0;0.6211183071136475;0.06
centSommets.txt;100;1013.0;1013.0;0.046192169189453125;0.06
centSommets.txt;100;991.0;991.0;0.04636120796203613;0.06
centSommets.txt;100;1017.0;1017.0;0.04628705978393555;0.06
centSommets.txt;100;985.0;899.0;0.5071988105773926;0.06
centSommets.txt;100;1032.0;881.0;0.7805430889129639;0.06
centSommets.txt;100;972.0;972.0;0.046073198318481445;0.06
centSommets.txt;100;922.0;922.0;0.04622697830200195;0.06
centSommets.txt;100;971.0;898.0;0.429581880569458;0.06
centSommets.txt;100;1002.0;861.0;0.9405231475830078;0.06
centSommets.txt;100;979.0;979.0;0.04646110534667969;0.06
centSommets.txt;100;1009.0;1009.0;0.046491146087646484;0.06
centSommets.txt;100;1035.0;891.0;0.5891470909118652;0.06
centSommets.txt;100;999.0;882.0;0.7153611183166504;0.06
centSommets.txt;100;1009.0;894.0;0.5563671588897705;0.06
centSommets.txt;100;936.0;936.0;0.04614901542663574;0.06
centSommets.txt;100;1024.0;869.0;0.7799673080444336;0.06
centSommets.txt;100;994.0;885.0;0.6514098644256592;0.06
centSommets.txt;100;1007.0;860.0;0.8436188697814941;0.06
centSommets.txt;100;991.0;991.0;0.045918941497802734;0.06
centSommets.txt;100;997.0;913.0;0.5239758491516113;0.06
centSommets.txt;100;984.0;984.0;0.045992136001586914;0.06
centSommets.txt;100;921.0;921.0;0.04589104652404785;0.06
centSommets.txt;100;984.0;984.0;0.04606509208679199;0.06
centSommets.txt;100;1006.0;902.0;0.6206498146057129;0.06
centSommets.txt;100;1009.0;877.0;0.7149701118469238;0.06
centSommets.txt;100;1034.0;866.0;0.9701778888702393;0.06
centSommets.txt;100;999.0;893.0;0.5239031314849854;0.06
centSommets.txt;100;1000.0;898.0;0.5248079299926758;0.06
centSommets.txt;100;964.0;889.0;0.4609401226043701;0.06
centSommets.txt;100;1010.0;882.0;0.7152681350708008;0.06
centSommets.txt;100;974.0;974.0;0.04593300819396973;0.06
centSommets.txt;100;1007.0;890.0;0.4603309631347656;0.06
centSommets.txt;100;982.0;878.0;0.6505510807037354;0.06
centSommets.txt;100;1005.0;865.0;0.8748531341552734;0.06
centSommets.txt;100;1023.0;882.0;0.7787880897521973;0.06
centSommets.txt;100;1031.0;901.0;0.7780778408050537;0.06
centSommets.txt;100;968.0;968.0;0.04617881774902344;0.06
centSommets.txt;100;983.0;868.0;0.777940034866333;0.06
centSommets.txt;100;1004.0;863.0;0.7792987823486328;0.06
centSommets.txt;100;1023.0;903.0;0.5563292503356934;0.06
centSommets.txt;100;1014.0;876.0;0.8421318531036377;0.06
centSommets.txt;100;1002.0;880.0;0.7176458835601807;0.06
centSommets.txt;100;999.0;908.0;0.5240488052368164;0.06
centSommets.txt;100;999.0;862.0;0.8111259937286377;0.06
centSommets.txt;100;977.0;977.0;0.046228885650634766;0.06
centSommets.txt;100;981.0;981.0;0.04605603218078613;0.06
centSommets.txt;100;1006.0;900.0;0.5565850734710693;0.06
centSommets.txt;100;987.0;876.0;0.5243940353393555;0.06
centSommets.txt;100;1014.0;876.0;0.7142260074615479;0.06
centSommets.txt;100;1014.0;881.0;0.6528022289276123;0.06
centSommets.txt;100;1010.0;1010.0;0.046072959899902344;0.06
centSommets.txt;100;1015.0;887.0;0.6840407848358154;0.06
centSommets.txt;100;973.0;973.0;0.04635286331176758;0.06
centSommets.txt;100;998.0;876.0;0.8437798023223877;0.06
centSommets.txt;100;1007.0;886.0;0.6202807426452637;0.06
centSommets.txt;100;1023.0;916.0;0.5252108573913574;0.06
centSommets.txt;100;1007.0;888.0;0.5873258113861084;0.06
centSommets.txt;100;945.0;945.0;0.04622316360473633;0.06
centSommets.txt;100;983.0;983.0;0.04596519470214844;0.06
centSommets.txt;100;964.0;964.0;0.046211957931518555;0.06
centSommets.txt;100;1001.0;1001.0;0.04590106010437012;0.06
centSommets.txt;100;989.0;989.0;0.046079158782958984;0.06
centSommets.txt;100;1049.0;881.0;0.8434081077575684;0.06
centSommets.txt;100;1020.0;870.0;1.0645980834960938;0.06
centSommets.txt;100;945.0;945.0;0.04590797424316406;0.06
centSommets.txt;100;1004.0;1004.0;0.046041250228881836;0.06
centSommets.txt;100;999.0;878.0;0.5869450569152832;0.06
centSommets.txt;100;1020.0;880.0;0.7152822017669678;0.06
centSommets.txt;100;997.0;843.0;1.1295561790466309;0.06
centSommets.txt;100;977.0;914.0;0.3330991268157959;0.06
centSommets.txt;100;953.0;953.0;0.04597306251525879;0.07
centSommets.txt;100;994.0;994.0;0.04599785804748535;0.07
centSommets.txt;100;1041.0;861.0;0.9694719314575195;0.07
centSommets.txt;100;960.0;960.0;0.0462498664855957;0.07
centSommets.txt;100;1013.0;1013.0;0.04633593559265137;0.07
centSommets.txt;100;1006.0;901.0;0.524169921875;0.07
centSommets.txt;100;1017.0;902.0;0.5576639175415039;0.07
centSommets.txt;100;995.0;881.0;0.6848490238189697;0.07
centSommets.txt;100;1007.0;1007.0;0.0462949275970459;0.07
centSommets.txt;100;996.0;863.0;0.77947998046875;0.07
centSommets.txt;100;1005.0;874.0;0.6513361930847168;0.07
centSommets.txt;100;1030.0;907.0;0.619135856628418;0.07
centSommets.txt;100;983.0;983.0;0.04602980613708496;0.07
centSommets.txt;100;1023.0;1023.0;0.0460658073425293;0.07
centSommets.txt;100;998.0;891.0;0.6517419815063477;0.07
centSommets.txt;100;985.0;872.0;0.7799160480499268;0.07
centSommets.txt;100;1049.0;868.0;0.8757178783416748;0.07
centSommets.txt;100;1008.0;888.0;0.6194078922271729;0.07
centSommets.txt;100;985.0;896.0;0.46019411087036133;0.07
centSommets.txt;100;1013.0;885.0;0.7151470184326172;0.07
centSommets.txt;100;980.0;980.0;0.046324968338012695;0.07
centSommets.txt;100;1014.0;1014.0;0.04630589485168457;0.07
centSommets.txt;100;1030.0;906.0;0.652184247970581;0.07
centSommets.txt;100;964.0;964.0;0.04603123664855957;0.07
centSommets.txt;100;1003.0;899.0;0.6227281093597412;0.07
centSommets.txt;100;1042.0;897.0;0.7498281002044678;0.07
centSommets.txt;100;989.0;989.0;0.04598188400268555;0.07
centSommets.txt;100;983.0;983.0;0.04619479179382324;0.07
centSommets.txt;100;996.0;879.0;0.6512820720672607;0.07
centSommets.txt;100;992.0;992.0;0.04649496078491211;0.07
centSommets.txt;100;1032.0;851.0;0.8757991790771484;0.07
centSommets.txt;100;1019.0;1019.0;0.046050071716308594;0.07
centSommets.txt;100;1036.0;861.0;0.9390311241149902;0.07
centSommets.txt;100;989.0;875.0;0.6226449012756348;0.07
centSommets.txt;100;997.0;855.0;0.8431951999664307;0.07
centSommets.txt;100;1000.0;1000.0;0.04601907730102539;0.07
centSommets.txt;100;984.0;889.0;0.524071216583252;0.07
centSommets.txt;100;1010.0;1010.0;0.04641318321228027;0.07
centSommets.txt;100;977.0;977.0;0.046072959899902344;0.07
centSommets.txt;100;1044.0;847.0;0.9374730587005615;0.07
centSommets.txt;100;990.0;990.0;0.046074867248535156;0.07
centSommets.txt;100;977.0;882.0;0.556027889251709;0.07
centSommets.txt;100;998.0;998.0;0.04601883888244629;0.07
centSommets.txt;100;988.0;869.0;0.7790520191192627;0.07
centSommets.txt;100;1012.0;881.0;0.651282787322998;0.07
centSommets.txt;100;1019.0;870.0;0.74674391746521;0.07
centSommets.txt;100;1044.0;1044.0;0.045970916748046875;0.07
centSommets.txt;100;981.0;869.0;0.7473869323730469;0.07
centSommets.txt;100;996.0;996.0;0.04595494270324707;0.07
centSommets.txt;100;1002.0;874.0;0.7151648998260498;0.07
centSommets.txt;100;986.0;910.0;0.3961679935455322;0.07
centSommets.txt;100;1002.0;875.0;0.6835603713989258;0.07
centSommets.txt;100;1004.0;880.0;0.7161779403686523;0.07
centSommets.txt;100;973.0;859.0;0.9058816432952881;0.07
centSommets.txt;100;1043.0;861.0;1.085465908050537;0.07
centSommets.txt;100;1008.0;899.0;0.5895538330078125;0.07
centSommets.txt;100;1021.0;872.0;0.877413272857666;0.07
centSommets.txt;100;949.0;949.0;0.04628801345825195;0.07
centSommets.txt;100;1002.0;861.0;0.7799680233001709;0.07
centSommets.txt;100;1002.0;878.0;0.6521668434143066;0.07
centSommets.txt;100;1032.0;871.0;0.9071230888366699;0.07
centSommets.txt;100;973.0;973.0;0.04593515396118164;0.07
centSommets.txt;100;994.0;994.0;0.04621601104736328;0.07
centSommets.txt;100;954.0;954.0;0.0464169979095459;0.07
centSommets.txt;100;978.0;859.0;0.8446750640869141;0.07
centSommets.txt;100;1025.0;888.0;0.6848049163818359;0.07
centSommets.txt;100;991.0;869.0;0.7799179553985596;0.07
centSommets.txt;100;976.0;976.0;0.04614615440368652;0.07
centSommets.txt;100;1031.0;856.0;0.9723658561706543;0.07
centSommets.txt;100;1016.0;878.0;0.7165787220001221;0.07
centSommets.txt;100;995.0;858.0;0.7806742191314697;0.07
centSommets.txt;100;939.0;939.0;0.04607105255126953;0.07
centSommets.txt;100;1014.0;866.0;0.8458137512207031;0.07
centSommets.txt;100;1026.0;887.0;0.6206140518188477;0.07
centSommets.txt;100;983.0;898.0;0.46138596534729004;0.07
centSommets.txt;100;997.0;898.0;0.4939122200012207;0.07
centSommets.txt;100;992.0;992.0;0.04599809646606445;0.07
centSommets.txt;100;1016.0;925.0;0.39602184295654297;0.07
centSommets.txt;100;1010.0;1010.0;0.046128034591674805;0.07
centSommets.txt;100;988.0;988.0;0.0463259220123291;0.07
centSommets.txt;100;970.0;970.0;0.04614591598510742;0.07
centSommets.txt;100;1045.0;886.0;0.77937912940979;0.07
centSommets.txt;100;991.0;916.0;0.3652780055999756;0.07
centSommets.txt;100;1004.0;865.0;0.8433270454406738;0.07
centSommets.txt;100;994.0;994.0;0.04607200622558594;0.07
centSommets.txt;100;1005.0;865.0;0.8114669322967529;0.07
centSommets.txt;100;1047.0;904.0;0.5871028900146484;0.07
centSommets.txt;100;1018.0;868.0;1.0031797885894775;0.07
centSommets.txt;100;991.0;890.0;0.7149152755737305;0.07
centSommets.txt;100;998.0;886.0;0.6195838451385498;0.07
centSommets.txt;100;960.0;960.0;0.04608726501464844;0.07
centSommets.txt;100;984.0;984.0;0.04621601104736328;0.07
centSommets.txt;100;956.0;956.0;0.046208858489990234;0.07
centSommets.txt;100;1017.0;1017.0;0.046057939529418945;0.07
centSommets.txt;100;1006.0;858.0;1.0654480457305908;0.07
centSommets.txt;100;1009.0;876.0;0.7164428234100342;0.07
centSommets.txt;100;1041.0;899.0;0.6213529109954834;0.07
centSommets.txt;100;1023.0;884.0;0.6857202053070068;0.07
centSommets.txt;100;1056.0;869.0;0.8449821472167969;0.07
centSommets.txt;100;1023.0;921.0;0.4298398494720459;0.07
centSommets.txt;100;1037.0;880.0;0.876265287399292;0.08
centSommets.txt;100;996.0;871.0;0.7161300182342529;0.08
centSommets.txt;100;992.0;880.0;0.5890867710113525;0.08
centSommets.txt;100;993.0;873.0;0.6841118335723877;0.08
centSommets.txt;100;948.0;948.0;0.0457921028137207;0.08
centSommets.txt;100;1008.0;885.0;0.7158899307250977;0.08
centSommets.txt;100;1022.0;885.0;0.6528410911560059;0.08
centSommets.txt;100;982.0;874.0;0.5563251972198486;0.08
centSommets.txt;100;1002.0;862.0;0.8361749649047852;0.08
centSommets.txt;100;1000.0;859.0;0.7981321811676025;0.08
centSommets.txt;100;998.0;911.0;0.39664387702941895;0.08
centSommets.txt;100;976.0;871.0;0.5880608558654785;0.08
centSommets.txt;100;1025.0;894.0;0.6839859485626221;0.08
centSommets.txt;100;1000.0;1000.0;0.0460052490234375;0.08
centSommets.txt;100;1020.0;865.0;0.8115689754486084;0.08
centSommets.txt;100;981.0;905.0;0.30095815658569336;0.08
centSommets.txt;100;998.0;841.0;0.9397547245025635;0.08
centSommets.txt;100;1007.0;1007.0;0.04623222351074219;0.08
centSommets.txt;100;1006.0;878.0;0.6529290676116943;0.08
centSommets.txt;100;962.0;962.0;0.045841217041015625;0.08
centSommets.txt;100;999.0;999.0;0.04624509811401367;0.08
centSommets.txt;100;986.0;986.0;0.046120405197143555;0.08
centSommets.txt;100;991.0;899.0;0.5564310550689697;0.08
centSommets.txt;100;993.0;873.0;0.5569798946380615;0.08
centSommets.txt;100;1024.0;896.0;0.6518750190734863;0.08
centSommets.txt;100;982.0;982.0;0.046473026275634766;0.08
centSommets.txt;100;1000.0;911.0;0.42998671531677246;0.08
centSommets.txt;100;994.0;994.0;0.04602789878845215;0.08
centSommets.txt;100;999.0;907.0;0.3970351219177246;0.08
centSommets.txt;100;973.0;864.0;0.5255270004272461;0.08
centSommets.txt;100;1023.0;874.0;0.6528918743133545;0.08
centSommets.txt;100;999.0;855.0;0.8759398460388184;0.08
centSommets.txt;100;941.0;941.0;0.04613375663757324;0.08
centSommets.txt;100;1015.0;876.0;0.7804610729217529;0.08
centSommets.txt;100;1027.0;906.0;0.5593991279602051;0.08
centSommets.txt;100;1028.0;886.0;0.6523079872131348;0.08
centSommets.txt;100;1025.0;906.0;0.5585677623748779;0.08
centSommets.txt;100;923.0;923.0;0.04618120193481445;0.08
centSommets.txt;100;993.0;851.0;0.9389731884002686;0.08
centSommets.txt;100;1016.0;864.0;0.8438529968261719;0.08
centSommets.txt;100;1005.0;846.0;1.0670561790466309;0.08
centSommets.txt;100;1003.0;865.0;0.7818379402160645;0.08
centSommets.txt;100;1019.0;901.0;0.6197512149810791;0.08
centSommets.txt;100;1007.0;891.0;0.6200098991394043;0.08
centSommets.txt;100;980.0;868.0;0.7798349857330322;0.08
centSommets.txt;100;1002.0;863.0;0.7793591022491455;0.08
centSommets.txt;100;1033.0;898.0;0.6523408889770508;0.08
centSommets.txt;100;1006.0;857.0;0.9391992092132568;0.08
centSommets.txt;100;988.0;868.0;0.7496488094329834;0.08
centSommets.txt;100;1004.0;877.0;0.8740048408508301;0.08
centSommets.txt;100;1008.0;903.0;0.4925551414489746;0.08
centSommets.txt;100;1025.0;881.0;0.9058356285095215;0.08
centSommets.txt;100;987.0;872.0;0.6840388774871826;0.08
centSommets.txt;100;1006.0;1006.0;0.045999765396118164;0.08
centSommets.txt;100;1006.0;890.0;0.525080680847168;0.08
centSommets.txt;100;980.0;901.0;0.49343013763427734;0.08
centSommets.txt;100;1012.0;863.0;0.779987096786499;0.08
centSommets.txt;100;928.0;928.0;0.045864105224609375;0.08
centSommets.txt;100;990.0;899.0;0.524543046951294;0.08
centSommets.txt;100;1002.0;911.0;0.49278783798217773;0.08
centSommets.txt;100;994.0;904.0;0.4926300048828125;0.08
centSommets.txt;100;1027.0;879.0;0.8302831649780273;0.08
centSommets.txt;100;1007.0;900.0;0.5240919589996338;0.08
centSommets.txt;100;1011.0;895.0;0.5890686511993408;0.08
centSommets.txt;100;1014.0;875.0;0.7480831146240234;0.08
centSommets.txt;100;1003.0;882.0;0.7158610820770264;0.08
centSommets.txt;100;964.0;964.0;0.04606199264526367;0.08
centSommets.txt;100;985.0;873.0;0.7803370952606201;0.08
centSommets.txt;100;1022.0;861.0;1.1314270496368408;0.08
centSommets.txt;100;1020.0;872.0;0.781400203704834;0.08
centSommets.txt;100;1053.0;906.0;0.684776782989502;0.08
centSommets.txt;100;1012.0;893.0;0.621614933013916;0.08
centSommets.txt;100;1021.0;890.0;0.5571310520172119;0.08
centSommets.txt;100;1000.0;866.0;0.6841671466827393;0.08
centSommets.txt;100;1027.0;867.0;0.8457458019256592;0.08
centSommets.txt;100;1011.0;887.0;0.6206867694854736;0.08
centSommets.txt;100;1001.0;908.0;0.4606659412384033;0.08
centSommets.txt;100;920.0;920.0;0.04610586166381836;0.08
centSommets.txt;100;1006.0;875.0;0.7509586811065674;0.08
centSommets.txt;100;1025.0;905.0;0.556879997253418;0.08
centSommets.txt;100;1002.0;897.0;0.5251789093017578;0.08
centSommets.txt;100;994.0;879.0;0.7170510292053223;0.08
centSommets.txt;100;1032.0;875.0;0.6847469806671143;0.08
centSommets.txt;100;997.0;913.0;0.4289250373840332;0.08
centSommets.txt;100;995.0;995.0;0.046150922775268555;0.08
centSommets.txt;100;1028.0;864.0;0.9724442958831787;0.08
centSommets.txt;100;964.0;964.0;0.046006202697753906;0.08
centSommets.txt;100;1004.0;868.0;0.8125269412994385;0.08
centSommets.txt;100;967.0;853.0;0.7478301525115967;0.08
centSommets.txt;100;958.0;958.0;0.04626607894897461;0.08
centSommets.txt;100;989.0;989.0;0.04622316360473633;0.08
centSommets.txt;100;992.0;891.0;0.49341416358947754;0.08
centSommets.txt;100;1041.0;857.0;0.9383618831634521;0.08
centSommets.txt;100;994.0;873.0;0.7155940532684326;0.08
centSommets.txt;100;985.0;985.0;0.046172142028808594;0.08
centSommets.txt;100;1023.0;875.0;0.7479610443115234;0.08
centSommets.txt;100;1018.0;879.0;0.5886240005493164;0.08
centSommets.txt;100;1016.0;861.0;0.8749401569366455;0.08
centSommets.txt;100;1020.0;874.0;0.8122789859771729;0.08
centSommets.txt;100;998.0;866.0;0.8756122589111328;0.08
centSommets.txt;100;999.0;838.0;1.3236799240112305;0.09
centSommets.txt;100;996.0;882.0;0.651587963104248;0.09
centSommets.txt;100;1008.0;880.0;0.8109188079833984;0.09
centSommets.txt;100;1027.0;886.0;0.8446059226989746;0.09
centSommets.txt;100;972.0;972.0;0.046386003494262695;0.09
centSommets.txt;100;1025.0;896.0;0.5884349346160889;0.09
centSommets.txt;100;1008.0;873.0;0.7156310081481934;0.09
centSommets.txt;100;1004.0;919.0;0.4462320804595947;0.09
centSommets.txt;100;996.0;886.0;0.5664980411529541;0.09
centSommets.txt;100;949.0;949.0;0.04604911804199219;0.09
centSommets.txt;100;1030.0;887.0;0.747722864151001;0.09
centSommets.txt;100;1028.0;901.0;0.588493824005127;0.09
centSommets.txt;100;1014.0;874.0;0.6833469867706299;0.09
centSommets.txt;100;1002.0;1002.0;0.04611706733703613;0.09
centSommets.txt;100;1009.0;1009.0;0.04604196548461914;0.09
centSommets.txt;100;1013.0;877.0;0.7819111347198486;0.09
centSommets.txt;100;1026.0;896.0;0.5572819709777832;0.09
centSommets.txt;100;974.0;894.0;0.4606168270111084;0.09
centSommets.txt;100;1013.0;881.0;0.7170729637145996;0.09
centSommets.txt;100;1025.0;908.0;0.5888671875;0.09
centSommets.txt;100;1013.0;895.0;0.4931480884552002;0.09
centSommets.txt;100;980.0;980.0;0.046015262603759766;0.09
centSommets.txt;100;1003.0;880.0;0.6524229049682617;0.09
centSommets.txt;100;1005.0;903.0;0.49297285079956055;0.09
centSommets.txt;100;1003.0;904.0;0.49369096755981445;0.09
centSommets.txt;100;966.0;966.0;0.04599189758300781;0.09
centSommets.txt;100;1012.0;865.0;0.843980073928833;0.09
centSommets.txt;100;975.0;975.0;0.046511173248291016;0.09
centSommets.txt;100;994.0;879.0;0.6842217445373535;0.09
centSommets.txt;100;1007.0;862.0;0.9719870090484619;0.09
centSommets.txt;100;1004.0;896.0;0.4606931209564209;0.09
centSommets.txt;100;981.0;981.0;0.04591512680053711;0.09
centSommets.txt;100;1023.0;887.0;0.7476887702941895;0.09
centSommets.txt;100;987.0;875.0;0.8110549449920654;0.09
centSommets.txt;100;999.0;888.0;0.6523542404174805;0.09
centSommets.txt;100;993.0;903.0;0.4284212589263916;0.09
centSommets.txt;100;1008.0;894.0;0.5562617778778076;0.09
centSommets.txt;100;1004.0;891.0;0.49307799339294434;0.09
centSommets.txt;100;1005.0;899.0;0.5877130031585693;0.09
centSommets.txt;100;1019.0;1019.0;0.04624009132385254;0.09
centSommets.txt;100;1040.0;874.0;0.8114659786224365;0.09
centSommets.txt;100;1033.0;865.0;0.9715421199798584;0.09
centSommets.txt;100;1031.0;875.0;0.9072599411010742;0.09
centSommets.txt;100;1016.0;889.0;0.5907628536224365;0.09
centSommets.txt;100;1017.0;885.0;0.6535801887512207;0.09
centSommets.txt;100;1033.0;850.0;1.1299800872802734;0.09
centSommets.txt;100;983.0;983.0;0.04604220390319824;0.09
centSommets.txt;100;986.0;880.0;0.6523630619049072;0.09
centSommets.txt;100;990.0;886.0;0.7155628204345703;0.09
centSommets.txt;100;1018.0;874.0;0.9076569080352783;0.09
centSommets.txt;100;1022.0;906.0;0.5253829956054688;0.09
centSommets.txt;100;964.0;964.0;0.046259164810180664;0.09
centSommets.txt;100;995.0;883.0;0.5564401149749756;0.09
centSommets.txt;100;996.0;996.0;0.04665803909301758;0.09
centSommets.txt;100;1015.0;855.0;0.9080240726470947;0.09
centSommets.txt;100;979.0;880.0;0.49097704887390137;0.09
centSommets.txt;100;984.0;880.0;0.6803011894226074;0.09
centSommets.txt;100;996.0;872.0;0.7156391143798828;0.09
centSommets.txt;100;1007.0;882.0;0.6528291702270508;0.09
centSommets.txt;100;1031.0;861.0;0.8943381309509277;0.09
centSommets.txt;100;981.0;981.0;0.04603719711303711;0.09
centSommets.txt;100;1019.0;935.0;0.3970530033111572;0.09
centSommets.txt;100;991.0;892.0;0.5572187900543213;0.09
centSommets.txt;100;972.0;880.0;0.4927217960357666;0.09
centSommets.txt;100;997.0;888.0;0.5250160694122314;0.09
centSommets.txt;100;1021.0;888.0;0.6201579570770264;0.09
centSommets.txt;100;970.0;970.0;0.046544790267944336;0.09
centSommets.txt;100;1007.0;1007.0;0.046002864837646484;0.09
centSommets.txt;100;996.0;893.0;0.4291081428527832;0.09
centSommets.txt;100;1020.0;1020.0;0.046029090881347656;0.09
centSommets.txt;100;1038.0;882.0;0.8122289180755615;0.09
centSommets.txt;100;1021.0;1021.0;0.04614901542663574;0.09
centSommets.txt;100;992.0;898.0;0.5233097076416016;0.09
centSommets.txt;100;1024.0;882.0;0.8742737770080566;0.09
centSommets.txt;100;992.0;919.0;0.3013761043548584;0.09
centSommets.txt;100;961.0;961.0;0.04601597785949707;0.09
centSommets.txt;100;1029.0;898.0;0.6516399383544922;0.09
centSommets.txt;100;996.0;880.0;0.7485189437866211;0.09
centSommets.txt;100;1002.0;864.0;0.7491378784179688;0.09
centSommets.txt;100;1012.0;875.0;0.6517019271850586;0.09
centSommets.txt;100;1008.0;886.0;0.6231129169464111;0.09
centSommets.txt;100;1002.0;904.0;0.5894551277160645;0.09
centSommets.txt;100;1038.0;878.0;0.7166421413421631;0.09
centSommets.txt;100;1012.0;886.0;0.6199851036071777;0.09
centSommets.txt;100;1001.0;888.0;0.6208181381225586;0.09
centSommets.txt;100;999.0;999.0;0.04628491401672363;0.09
centSommets.txt;100;1017.0;907.0;0.5873651504516602;0.09
centSommets.txt;100;1018.0;919.0;0.46245622634887695;0.09
centSommets.txt;100;1021.0;888.0;0.6532471179962158;0.09
centSommets.txt;100;983.0;915.0;0.3338468074798584;0.09
centSommets.txt;100;987.0;987.0;0.046109914779663086;0.09
centSommets.txt;100;985.0;887.0;0.5887610912322998;0.09
centSommets.txt;100;1005.0;1005.0;0.04620623588562012;0.09
centSommets.txt;100;1013.0;875.0;0.7484841346740723;0.09
centSommets.txt;100;980.0;980.0;0.04610610008239746;0.09
centSommets.txt;100;1012.0;894.0;0.5567600727081299;0.09
centSommets.txt;100;1010.0;859.0;0.8750922679901123;0.09
centSommets.txt;100;1027.0;886.0;0.6203739643096924;0.09
centSommets.txt;100;1012.0;924.0;0.3968780040740967;0.09
centSommets.txt;100;1008.0;886.0;0.5891866683959961;0.09
centSommets.txt;100;1015.0;935.0;0.36595582962036133;0.1
centSommets.txt;100;1010.0;884.0;0.5250699520111084;0.1
centSommets.txt;100;1015.0;884.0;0.6838667392730713;0.1
centSommets.txt;100;1010.0;918.0;0.4288198947906494;0.1
centSommets.txt;100;1004.0;882.0;0.5881099700927734;0.1
centSommets.txt;100;1020.0;904.0;0.5572259426116943;0.1
centSommets.txt;100;1028.0;875.0;0.9701907634735107;0.1
centSommets.txt;100;946.0;946.0;0.04591012001037598;0.1
centSommets.txt;100;1002.0;887.0;0.5244190692901611;0.1
centSommets.txt;100;1025.0;913.0;0.4599466323852539;0.1
centSommets.txt;100;990.0;899.0;0.524263858795166;0.1
centSommets.txt;100;1002.0;892.0;0.42871594429016113;0.1
centSommets.txt;100;1005.0;893.0;0.5549900531768799;0.1
centSommets.txt;100;1008.0;894.0;0.55613112449646;0.1
centSommets.txt;100;954.0;954.0;0.04598808288574219;0.1
centSommets.txt;100;1008.0;889.0;0.6047112941741943;0.1
centSommets.txt;100;995.0;928.0;0.3010261058807373;0.1
centSommets.txt;100;1025.0;890.0;0.5878739356994629;0.1
centSommets.txt;100;1028.0;1028.0;0.04599189758300781;0.1
centSommets.txt;100;977.0;856.0;0.5560340881347656;0.1
centSommets.txt;100;1037.0;861.0;1.0043530464172363;0.1
centSommets.txt;100;1032.0;918.0;0.5252249240875244;0.1
centSommets.txt;100;995.0;995.0;0.046375274658203125;0.1
centSommets.txt;100;994.0;889.0;0.5243752002716064;0.1
centSommets.txt;100;985.0;893.0;0.4935131072998047;0.1
centSommets.txt;100;1017.0;890.0;0.589601993560791;0.1
centSommets.txt;100;995.0;871.0;0.6517958641052246;0.1
centSommets.txt;100;1016.0;904.0;0.49276280403137207;0.1
centSommets.txt;100;990.0;990.0;0.045848846435546875;0.1
centSommets.txt;100;1004.0;841.0;0.9079899787902832;0.1
centSommets.txt;100;995.0;858.0;0.5891461372375488;0.1
centSommets.txt;100;986.0;906.0;0.42960190773010254;0.1
centSommets.txt;100;985.0;838.0;0.9067778587341309;0.1
centSommets.txt;100;1005.0;1005.0;0.04611015319824219;0.1
centSommets.txt;100;962.0;962.0;0.0462498664855957;0.1
centSommets.txt;100;1023.0;916.0;0.46060800552368164;0.1
centSommets.txt;100;983.0;876.0;0.5893559455871582;0.1
centSommets.txt;100;1018.0;880.0;0.7488870620727539;0.1
centSommets.txt;100;1005.0;912.0;0.46021008491516113;0.1
centSommets.txt;100;1018.0;913.0;0.5564892292022705;0.1
centSommets.txt;100;1008.0;911.0;0.3971982002258301;0.1
centSommets.txt;100;992.0;937.0;0.2687571048736572;0.1
centSommets.txt;100;959.0;959.0;0.046090126037597656;0.1
centSommets.txt;100;1006.0;882.0;0.5256481170654297;0.1
centSommets.txt;100;985.0;985.0;0.04606318473815918;0.1
centSommets.txt;100;1018.0;893.0;0.5883760452270508;0.1
centSommets.txt;100;1032.0;891.0;0.5573818683624268;0.1
centSommets.txt;100;1011.0;941.0;0.3329200744628906;0.1
centSommets.txt;100;1027.0;900.0;0.5557410717010498;0.1
centSommets.txt;100;1026.0;870.0;0.8121559619903564;0.1
centSommets.txt;100;1001.0;874.0;0.6837770938873291;0.1
centSommets.txt;100;952.0;952.0;0.04607415199279785;0.1
centSommets.txt;100;1046.0;897.0;0.6849462985992432;0.1
centSommets.txt;100;965.0;965.0;0.04605913162231445;0.1
centSommets.txt;100;996.0;884.0;0.5248630046844482;0.1
centSommets.txt;100;1025.0;893.0;0.7160160541534424;0.1
centSommets.txt;100;1004.0;885.0;0.6529500484466553;0.1
centSommets.txt;100;1017.0;877.0;0.6842610836029053;0.1
centSommets.txt;100;1045.0;881.0;0.6515932083129883;0.1
centSommets.txt;100;1008.0;900.0;0.39667725563049316;0.1
centSommets.txt;100;1002.0;884.0;0.7162837982177734;0.1
centSommets.txt;100;995.0;903.0;0.3973398208618164;0.1
centSommets.txt;100;1000.0;855.0;0.6846141815185547;0.1
centSommets.txt;100;961.0;893.0;0.39714717864990234;0.1
centSommets.txt;100;985.0;873.0;0.5564091205596924;0.1
centSommets.txt;100;1040.0;909.0;0.5574829578399658;0.1
centSommets.txt;100;1033.0;888.0;0.6210548877716064;0.1
centSommets.txt;100;988.0;988.0;0.045983076095581055;0.1
centSommets.txt;100;994.0;898.0;0.4931180477142334;0.1
centSommets.txt;100;1030.0;859.0;0.9709572792053223;0.1
centSommets.txt;100;1031.0;903.0;0.49312400817871094;0.1
centSommets.txt;100;1016.0;884.0;0.651770830154419;0.1
centSommets.txt;100;994.0;913.0;0.36531710624694824;0.1
centSommets.txt;100;962.0;916.0;0.20547914505004883;0.1
centSommets.txt;100;1009.0;933.0;0.4006531238555908;0.1
centSommets.txt;100;1029.0;887.0;0.6265521049499512;0.1
centSommets.txt;100;998.0;907.0;0.5239040851593018;0.1
centSommets.txt;100;980.0;869.0;0.6203629970550537;0.1
centSommets.txt;100;1024.0;877.0;0.8136470317840576;0.1
centSommets.txt;100;1008.0;1008.0;0.04612398147583008;0.1
centSommets.txt;100;981.0;981.0;0.04624605178833008;0.1
centSommets.txt;100;1007.0;886.0;0.5881438255310059;0.1
centSommets.txt;100;960.0;960.0;0.04606318473815918;0.1
centSommets.txt;100;1014.0;885.0;0.6201956272125244;0.1
centSommets.txt;100;963.0;879.0;0.46050381660461426;0.1
centSommets.txt;100;992.0;992.0;0.0461578369140625;0.1
centSommets.txt;100;1002.0;888.0;0.5889270305633545;0.1
centSommets.txt;100;1033.0;910.0;0.5254278182983398;0.1
centSommets.txt;100;1005.0;902.0;0.46140289306640625;0.1
centSommets.txt;100;1001.0;913.0;0.3973350524902344;0.1
centSommets.txt;100;980.0;854.0;0.8755309581756592;0.1
centSommets.txt;100;953.0;953.0;0.046446800231933594;0.1
centSommets.txt;100;1046.0;852.0;1.0668859481811523;0.1
centSommets.txt;100;1018.0;883.0;0.5881209373474121;0.1
centSommets.txt;100;1035.0;880.0;0.7473158836364746;0.1
centSommets.txt;100;1026.0;903.0;0.5561678409576416;0.1
centSommets.txt;100;1014.0;864.0;0.7466030120849609;0.1
centSommets.txt;100;1024.0;915.0;0.49283313751220703;0.1
centSommets.txt;100;979.0;979.0;0.046361684799194336;0.1
centSommets.txt;100;986.0;986.0;0.046022891998291016;0.1
centSommets.txt;100;1023.0;887.0;0.5559158325195312;0.15
centSommets.txt;100;984.0;906.0;0.33321619033813477;0.15
centSommets.txt;100;1006.0;906.0;0.396259069442749;0.15
centSommets.txt;100;1016.0;922.0;0.3951132297515869;0.15
centSommets.txt;100;933.0;933.0;0.04583382606506348;0.15
centSommets.txt;100;1020.0;881.0;0.5544350147247314;0.15
centSommets.txt;100;1024.0;902.0;0.4919600486755371;0.15
centSommets.txt;100;1014.0;910.0;0.36580896377563477;0.15
centSommets.txt;100;985.0;887.0;0.3645198345184326;0.15
centSommets.txt;100;967.0;915.0;0.26953577995300293;0.15
centSommets.txt;100;991.0;892.0;0.4287099838256836;0.15
centSommets.txt;100;989.0;893.0;0.42867398262023926;0.15
centSommets.txt;100;1039.0;894.0;0.6200981140136719;0.15
centSommets.txt;100;1010.0;916.0;0.33255910873413086;0.15
centSommets.txt;100;990.0;874.0;0.5242280960083008;0.15
centSommets.txt;100;1037.0;885.0;0.555840015411377;0.15
centSommets.txt;100;1019.0;873.0;0.620640754699707;0.15
centSommets.txt;100;997.0;877.0;0.5565800666809082;0.15
centSommets.txt;100;976.0;886.0;0.36464500427246094;0.15
centSommets.txt;100;988.0;912.0;0.332913875579834;0.15
centSommets.txt;100;985.0;904.0;0.332507848739624;0.15
centSommets.txt;100;988.0;875.0;0.46065783500671387;0.15
centSommets.txt;100;968.0;883.0;0.3968648910522461;0.15
centSommets.txt;100;999.0;871.0;0.6207790374755859;0.15
centSommets.txt;100;969.0;898.0;0.3333628177642822;0.15
centSommets.txt;100;998.0;937.0;0.2698991298675537;0.15
centSommets.txt;100;1007.0;863.0;0.6209962368011475;0.15
centSommets.txt;100;1009.0;894.0;0.46096301078796387;0.15
centSommets.txt;100;998.0;888.0;0.4923717975616455;0.15
centSommets.txt;100;1019.0;869.0;0.6496720314025879;0.15
centSommets.txt;100;1001.0;892.0;0.5238690376281738;0.15
centSommets.txt;100;989.0;873.0;0.4284698963165283;0.15
centSommets.txt;100;1027.0;893.0;0.5885047912597656;0.15
centSommets.txt;100;995.0;902.0;0.42853403091430664;0.15
centSommets.txt;100;1013.0;864.0;0.7161409854888916;0.15
centSommets.txt;100;985.0;870.0;0.6891100406646729;0.15
centSommets.txt;100;1032.0;917.0;0.36484289169311523;0.15
centSommets.txt;100;1031.0;904.0;0.46163296699523926;0.15
centSommets.txt;100;997.0;883.0;0.42997288703918457;0.15
centSommets.txt;100;1005.0;886.0;0.4282088279724121;0.15
centSommets.txt;100;1016.0;930.0;0.3330841064453125;0.15
centSommets.txt;100;1025.0;935.0;0.33204102516174316;0.15
centSommets.txt;100;1017.0;898.0;0.4599177837371826;0.15
centSommets.txt;100;996.0;932.0;0.26899290084838867;0.15
centSommets.txt;100;954.0;883.0;0.2691671848297119;0.15
centSommets.txt;100;1008.0;892.0;0.5559103488922119;0.15
centSommets.txt;100;988.0;941.0;0.20556211471557617;0.15
centSommets.txt;100;982.0;890.0;0.36479997634887695;0.15
centSommets.txt;100;987.0;908.0;0.3327476978302002;0.15
centSommets.txt;100;1021.0;896.0;0.49271297454833984;0.15
centSommets.txt;100;1008.0;900.0;0.42945194244384766;0.15
centSommets.txt;100;980.0;911.0;0.3334047794342041;0.15
centSommets.txt;100;930.0;930.0;0.04599714279174805;0.15
centSommets.txt;100;1026.0;908.0;0.4296867847442627;0.15
centSommets.txt;100;1009.0;911.0;0.39803481101989746;0.15
centSommets.txt;100;991.0;886.0;0.5248932838439941;0.15
centSommets.txt;100;1030.0;885.0;0.5892400741577148;0.15
centSommets.txt;100;952.0;952.0;0.046233177185058594;0.15
centSommets.txt;100;1013.0;898.0;0.4293179512023926;0.15
centSommets.txt;100;1002.0;914.0;0.36543703079223633;0.15
centSommets.txt;100;1033.0;887.0;0.6216051578521729;0.15
centSommets.txt;100;994.0;938.0;0.30153703689575195;0.15
centSommets.txt;100;1012.0;885.0;0.5884318351745605;0.15
centSommets.txt;100;992.0;891.0;0.4600248336791992;0.15
centSommets.txt;100;983.0;903.0;0.3964228630065918;0.15
centSommets.txt;100;1042.0;915.0;0.4921584129333496;0.15
centSommets.txt;100;999.0;909.0;0.333298921585083;0.15
centSommets.txt;100;996.0;996.0;0.04619717597961426;0.15
centSommets.txt;100;996.0;935.0;0.30210399627685547;0.15
centSommets.txt;100;1043.0;887.0;0.5892069339752197;0.15
centSommets.txt;100;943.0;943.0;0.04614090919494629;0.15
centSommets.txt;100;977.0;901.0;0.3338339328765869;0.15
centSommets.txt;100;982.0;887.0;0.4291231632232666;0.15
centSommets.txt;100;991.0;923.0;0.30118799209594727;0.15
centSommets.txt;100;980.0;925.0;0.2698631286621094;0.15
centSommets.txt;100;989.0;884.0;0.5562150478363037;0.15
centSommets.txt;100;989.0;911.0;0.3016221523284912;0.15
centSommets.txt;100;1022.0;921.0;0.33292388916015625;0.15
centSommets.txt;100;1007.0;945.0;0.23693108558654785;0.15
centSommets.txt;100;993.0;923.0;0.3009309768676758;0.15
centSommets.txt;100;1011.0;908.0;0.39720821380615234;0.15
centSommets.txt;100;1004.0;922.0;0.33249521255493164;0.15
centSommets.txt;100;995.0;891.0;0.46118927001953125;0.15
centSommets.txt;100;1022.0;898.0;0.4606049060821533;0.15
centSommets.txt;100;1008.0;924.0;0.3648979663848877;0.15
centSommets.txt;100;967.0;967.0;0.04594707489013672;0.15
centSommets.txt;100;985.0;927.0;0.23752593994140625;0.15
centSommets.txt;100;1015.0;866.0;0.71333909034729;0.15
centSommets.txt;100;986.0;918.0;0.33094286918640137;0.15
centSommets.txt;100;981.0;894.0;0.3974630832672119;0.15
centSommets.txt;100;1006.0;1006.0;0.04606795310974121;0.15
centSommets.txt;100;964.0;900.0;0.33352208137512207;0.15
centSommets.txt;100;1001.0;899.0;0.46169233322143555;0.15
centSommets.txt;100;1010.0;902.0;0.5250999927520752;0.15
centSommets.txt;100;982.0;914.0;0.23808526992797852;0.15
centSommets.txt;100;1018.0;948.0;0.27001023292541504;0.15
centSommets.txt;100;1014.0;909.0;0.46190905570983887;0.15
centSommets.txt;100;1016.0;909.0;0.42915797233581543;0.15
centSommets.txt;100;1030.0;909.0;0.46089792251586914;0.15
centSommets.txt;100;1006.0;913.0;0.3656730651855469;0.15
centSommets.txt;100;982.0;904.0;0.23770809173583984;0.2
centSommets.txt;100;991.0;908.0;0.2700197696685791;0.2
centSommets.txt;100;970.0;881.0;0.3338780403137207;0.2
centSommets.txt;100;986.0;913.0;0.2366349697113037;0.2
centSommets.txt;100;1019.0;879.0;0.49183106422424316;0.2
centSommets.txt;100;1034.0;890.0;0.4606661796569824;0.2
centSommets.txt;100;858.0;858.0;0.04616379737854004;0.2
centSommets.txt;100;1007.0;908.0;0.3017268180847168;0.2
centSommets.txt;100;972.0;913.0;0.20574188232421875;0.2
centSommets.txt;100;982.0;893.0;0.3019089698791504;0.2
centSommets.txt;100;1016.0;899.0;0.4294111728668213;0.2
centSommets.txt;100;987.0;887.0;0.3337829113006592;0.2
centSommets.txt;100;973.0;913.0;0.23798298835754395;0.2
centSommets.txt;100;977.0;867.0;0.5726368427276611;0.2
centSommets.txt;100;957.0;910.0;0.1740579605102539;0.2
centSommets.txt;100;1025.0;912.0;0.3979041576385498;0.2
centSommets.txt;100;1013.0;914.0;0.30170321464538574;0.2
centSommets.txt;100;974.0;886.0;0.30159807205200195;0.2
centSommets.txt;100;1007.0;910.0;0.29998779296875;0.2
centSommets.txt;100;994.0;900.0;0.33382296562194824;0.2
centSommets.txt;100;1012.0;938.0;0.2365109920501709;0.2
centSommets.txt;100;1016.0;864.0;0.5868620872497559;0.2
centSommets.txt;100;994.0;946.0;0.17355084419250488;0.2
centSommets.txt;100;1003.0;958.0;0.17383766174316406;0.2
centSommets.txt;100;1013.0;883.0;0.4293980598449707;0.2
centSommets.txt;100;998.0;907.0;0.3330998420715332;0.2
centSommets.txt;100;997.0;877.0;0.4611802101135254;0.2
centSommets.txt;100;1006.0;901.0;0.365664005279541;0.2
centSommets.txt;100;986.0;892.0;0.301023006439209;0.2
centSommets.txt;100;976.0;895.0;0.26905107498168945;0.2
centSommets.txt;100;973.0;871.0;0.33313989639282227;0.2
centSommets.txt;100;1037.0;898.0;0.4287149906158447;0.2
centSommets.txt;100;1027.0;881.0;0.49535226821899414;0.2
centSommets.txt;100;984.0;910.0;0.26912617683410645;0.2
centSommets.txt;100;1013.0;903.0;0.36438608169555664;0.2
centSommets.txt;100;978.0;957.0;0.10976004600524902;0.2
centSommets.txt;100;1037.0;917.0;0.3651857376098633;0.2
centSommets.txt;100;976.0;904.0;0.23707985877990723;0.2
centSommets.txt;100;970.0;928.0;0.17371392250061035;0.2
centSommets.txt;100;983.0;942.0;0.1417539119720459;0.2
centSommets.txt;100;944.0;944.0;0.04591107368469238;0.2
centSommets.txt;100;1016.0;902.0;0.4288499355316162;0.2
centSommets.txt;100;1000.0;882.0;0.4598078727722168;0.2
centSommets.txt;100;1008.0;854.0;0.46065592765808105;0.2
centSommets.txt;100;988.0;863.0;0.492459774017334;0.2
centSommets.txt;100;1016.0;937.0;0.23746299743652344;0.2
centSommets.txt;100;1033.0;896.0;0.4628779888153076;0.2
centSommets.txt;100;989.0;930.0;0.2384040355682373;0.2
centSommets.txt;100;991.0;859.0;0.4284250736236572;0.2
centSommets.txt;100;992.0;869.0;0.3963279724121094;0.2
centSommets.txt;100;992.0;873.0;0.4280116558074951;0.2
centSommets.txt;100;1008.0;899.0;0.365556001663208;0.2
centSommets.txt;100;990.0;897.0;0.2696959972381592;0.2
centSommets.txt;100;997.0;879.0;0.39668989181518555;0.2
centSommets.txt;100;983.0;890.0;0.3648037910461426;0.2
centSommets.txt;100;1019.0;897.0;0.365109920501709;0.2
centSommets.txt;100;988.0;911.0;0.269517183303833;0.2
centSommets.txt;100;1009.0;929.0;0.23729515075683594;0.2
centSommets.txt;100;970.0;896.0;0.3013336658477783;0.2
centSommets.txt;100;995.0;906.0;0.30101609230041504;0.2
centSommets.txt;100;999.0;927.0;0.23750925064086914;0.2
centSommets.txt;100;1006.0;913.0;0.2376248836517334;0.2
centSommets.txt;100;1016.0;937.0;0.269273042678833;0.2
centSommets.txt;100;984.0;890.0;0.3005049228668213;0.2
centSommets.txt;100;977.0;946.0;0.10986804962158203;0.2
centSommets.txt;100;939.0;939.0;0.046148061752319336;0.2
centSommets.txt;100;1012.0;865.0;0.5241990089416504;0.2
centSommets.txt;100;1003.0;900.0;0.36513495445251465;0.2
centSommets.txt;100;1035.0;883.0;0.4610598087310791;0.2
centSommets.txt;100;1016.0;892.0;0.42784690856933594;0.2
centSommets.txt;100;992.0;879.0;0.39754295349121094;0.2
centSommets.txt;100;964.0;889.0;0.26996302604675293;0.2
centSommets.txt;100;980.0;871.0;0.42935705184936523;0.2
centSommets.txt;100;997.0;875.0;0.49365997314453125;0.2
centSommets.txt;100;1029.0;887.0;0.4934651851654053;0.2
centSommets.txt;100;1011.0;886.0;0.39824795722961426;0.2
centSommets.txt;100;989.0;916.0;0.23812603950500488;0.2
centSommets.txt;100;1012.0;912.0;0.3020820617675781;0.2
centSommets.txt;100;1001.0;917.0;0.2699928283691406;0.2
centSommets.txt;100;1036.0;948.0;0.2377300262451172;0.2
centSommets.txt;100;992.0;902.0;0.33322644233703613;0.2
centSommets.txt;100;1021.0;887.0;0.4286160469055176;0.2
centSommets.txt;100;986.0;895.0;0.3014037609100342;0.2
centSommets.txt;100;987.0;908.0;0.2694718837738037;0.2
centSommets.txt;100;1000.0;884.0;0.39744091033935547;0.2
centSommets.txt;100;944.0;924.0;0.1419539451599121;0.2
centSommets.txt;100;1019.0;917.0;0.3338809013366699;0.2
centSommets.txt;100;996.0;883.0;0.39771485328674316;0.2
centSommets.txt;100;998.0;875.0;0.4294140338897705;0.2
centSommets.txt;100;953.0;898.0;0.2690439224243164;0.2
centSommets.txt;100;983.0;900.0;0.30156588554382324;0.2
centSommets.txt;100;1032.0;890.0;0.3983311653137207;0.2
centSommets.txt;100;986.0;874.0;0.42868709564208984;0.2
centSommets.txt;100;957.0;894.0;0.23765301704406738;0.2
centSommets.txt;100;999.0;927.0;0.23767805099487305;0.2
centSommets.txt;100;1008.0;860.0;0.5569467544555664;0.2
centSommets.txt;100;975.0;924.0;0.19320297241210938;0.2
centSommets.txt;100;1012.0;937.0;0.23801803588867188;0.2
centSommets.txt;100;992.0;908.0;0.2702350616455078;0.2
centSommets.txt;100;990.0;893.0;0.33367395401000977;0.2
centSommets.txt;100;979.0;875.0;0.26967883110046387;0.25
centSommets.txt;100;986.0;889.0;0.2699599266052246;0.25
centSommets.txt;100;985.0;888.0;0.33341407775878906;0.25
centSommets.txt;100;1021.0;915.0;0.2696540355682373;0.25
centSommets.txt;100;1010.0;878.0;0.39670777320861816;0.25
centSommets.txt;100;1005.0;874.0;0.333284854888916;0.25
centSommets.txt;100;991.0;843.0;0.5249049663543701;0.25
centSommets.txt;100;1004.0;880.0;0.3017151355743408;0.25
centSommets.txt;100;990.0;861.0;0.3968532085418701;0.25
centSommets.txt;100;1021.0;901.0;0.3013138771057129;0.25
centSommets.txt;100;1009.0;867.0;0.3973660469055176;0.25
centSommets.txt;100;943.0;924.0;0.14191794395446777;0.25
centSommets.txt;100;1006.0;895.0;0.33298492431640625;0.25
centSommets.txt;100;1002.0;894.0;0.3018627166748047;0.25
centSommets.txt;100;1001.0;877.0;0.4289588928222656;0.25
centSommets.txt;100;1015.0;869.0;0.4613931179046631;0.25
centSommets.txt;100;1001.0;888.0;0.36527419090270996;0.25
centSommets.txt;100;1008.0;861.0;0.429440975189209;0.25
centSommets.txt;100;1030.0;881.0;0.4624309539794922;0.25
centSommets.txt;100;1029.0;865.0;0.5239229202270508;0.25
centSommets.txt;100;1012.0;912.0;0.26990604400634766;0.25
centSommets.txt;100;1021.0;867.0;0.4294099807739258;0.25
centSommets.txt;100;977.0;887.0;0.23741698265075684;0.25
centSommets.txt;100;1023.0;857.0;0.4924509525299072;0.25
centSommets.txt;100;1019.0;851.0;0.5259699821472168;0.25
centSommets.txt;100;1045.0;892.0;0.4619138240814209;0.25
centSommets.txt;100;975.0;854.0;0.3334658145904541;0.25
centSommets.txt;100;938.0;918.0;0.10997486114501953;0.25
centSommets.txt;100;999.0;870.0;0.3652770519256592;0.25
centSommets.txt;100;1006.0;919.0;0.3017897605895996;0.25
centSommets.txt;100;995.0;871.0;0.42957115173339844;0.25
centSommets.txt;100;955.0;885.0;0.20578932762145996;0.25
centSommets.txt;100;1003.0;890.0;0.3022332191467285;0.25
centSommets.txt;100;963.0;920.0;0.17469096183776855;0.25
centSommets.txt;100;1017.0;898.0;0.39707517623901367;0.25
centSommets.txt;100;998.0;887.0;0.33353495597839355;0.25
centSommets.txt;100;1010.0;869.0;0.46051692962646484;0.25
centSommets.txt;100;1042.0;879.0;0.49384212493896484;0.25
centSommets.txt;100;998.0;897.0;0.2697429656982422;0.25
centSommets.txt;100;1000.0;870.0;0.39760780334472656;0.25
centSommets.txt;100;1046.0;904.0;0.4615151882171631;0.25
centSommets.txt;100;995.0;880.0;0.3336598873138428;0.25
centSommets.txt;100;993.0;892.0;0.3339731693267822;0.25
centSommets.txt;100;981.0;862.0;0.3652820587158203;0.25
centSommets.txt;100;963.0;878.0;0.23799395561218262;0.25
centSommets.txt;100;993.0;904.0;0.26914191246032715;0.25
centSommets.txt;100;1004.0;889.0;0.3980748653411865;0.25
centSommets.txt;100;972.0;873.0;0.26986002922058105;0.25
centSommets.txt;100;991.0;868.0;0.3654639720916748;0.25
centSommets.txt;100;1002.0;855.0;0.5259401798248291;0.25
centSommets.txt;100;990.0;871.0;0.36547398567199707;0.25
centSommets.txt;100;996.0;851.0;0.4926450252532959;0.25
centSommets.txt;100;984.0;901.0;0.23752117156982422;0.25
centSommets.txt;100;978.0;892.0;0.20565414428710938;0.25
centSommets.txt;100;981.0;917.0;0.2379601001739502;0.25
centSommets.txt;100;973.0;896.0;0.23797392845153809;0.25
centSommets.txt;100;997.0;904.0;0.2691459655761719;0.25
centSommets.txt;100;1028.0;890.0;0.3986551761627197;0.25
centSommets.txt;100;1017.0;885.0;0.4302079677581787;0.25
centSommets.txt;100;980.0;887.0;0.23759937286376953;0.25
centSommets.txt;100;1029.0;887.0;0.46176695823669434;0.25
centSommets.txt;100;1027.0;888.0;0.4614427089691162;0.25
centSommets.txt;100;979.0;908.0;0.2378990650177002;0.25
centSommets.txt;100;981.0;857.0;0.33342504501342773;0.25
centSommets.txt;100;1009.0;890.0;0.30158400535583496;0.25
centSommets.txt;100;1016.0;864.0;0.493624210357666;0.25
centSommets.txt;100;995.0;845.0;0.5240461826324463;0.25
centSommets.txt;100;1008.0;903.0;0.26924920082092285;0.25
centSommets.txt;100;1010.0;898.0;0.30150699615478516;0.25
centSommets.txt;100;1009.0;882.0;0.36641502380371094;0.25
centSommets.txt;100;977.0;883.0;0.26958703994750977;0.25
centSommets.txt;100;1001.0;820.0;0.6857578754425049;0.25
centSommets.txt;100;980.0;840.0;0.42995595932006836;0.25
centSommets.txt;100;1000.0;888.0;0.36556506156921387;0.25
centSommets.txt;100;1001.0;890.0;0.3338611125946045;0.25
centSommets.txt;100;973.0;893.0;0.27555298805236816;0.25
centSommets.txt;100;1009.0;859.0;0.49764299392700195;0.25
centSommets.txt;100;982.0;891.0;0.2699151039123535;0.25
centSommets.txt;100;1021.0;888.0;0.42948484420776367;0.25
centSommets.txt;100;1025.0;905.0;0.33262014389038086;0.25
centSommets.txt;100;982.0;868.0;0.3328111171722412;0.25
centSommets.txt;100;998.0;830.0;0.5520262718200684;0.25
centSommets.txt;100;1018.0;907.0;0.2998671531677246;0.25
centSommets.txt;100;976.0;881.0;0.3016660213470459;0.25
centSommets.txt;100;995.0;903.0;0.30165886878967285;0.25
centSommets.txt;100;988.0;883.0;0.301987886428833;0.25
centSommets.txt;100;1032.0;886.0;0.4289388656616211;0.25
centSommets.txt;100;946.0;884.0;0.17351412773132324;0.25
centSommets.txt;100;1014.0;892.0;0.30156683921813965;0.25
centSommets.txt;100;979.0;905.0;0.20681095123291016;0.25
centSommets.txt;100;1028.0;902.0;0.3651161193847656;0.25
centSommets.txt;100;1023.0;923.0;0.30143094062805176;0.25
centSommets.txt;100;1021.0;921.0;0.3030261993408203;0.25
centSommets.txt;100;1010.0;875.0;0.428818941116333;0.25
centSommets.txt;100;996.0;908.0;0.2377948760986328;0.25
centSommets.txt;100;994.0;857.0;0.42928409576416016;0.25
centSommets.txt;100;996.0;873.0;0.364703893661499;0.25
centSommets.txt;100;1020.0;870.0;0.4605419635772705;0.25
centSommets.txt;100;1015.0;858.0;0.49318504333496094;0.25
centSommets.txt;100;999.0;896.0;0.39655613899230957;0.25
