# Automatic generated file V1.1
# nbClasses = 4 pIntra 0.800 pExtra 0.010
# predicted classes:
# [1, 4, 7, 16, 17, 20, 23]
# [0, 2, 5, 9, 11, 12]
# [3, 10, 13, 18, 19, 21]
# [6, 8, 14, 15, 22, 24]
# nbVertices nbEdges
25 57
# dmin dmax
4 5
# src but weight
1 4 0.500
1 7 0.900
1 16 0.700
1 17 1.000
4 7 0.900
4 16 0.700
4 20 0.900
7 16 0.600
7 23 1.000
16 17 0.500
17 20 0.500
17 23 1.000
20 23 0.600
0 2 0.700
0 5 0.500
0 9 0.600
0 11 0.500
2 5 0.800
2 12 0.700
5 9 0.800
5 12 1.000
9 11 0.700
9 12 0.600
11 12 0.700
3 10 0.700
3 13 0.600
3 21 1.000
10 13 0.700
10 18 1.000
10 19 1.000
13 18 1.000
13 21 0.500
18 19 0.900
18 21 1.000
19 21 0.600
6 8 0.900
6 14 1.000
6 24 0.600
8 14 0.600
8 22 0.800
8 24 0.800
14 15 0.700
14 22 1.000
15 22 1.000
15 24 0.900
22 24 0.600
1 10 0.100
4 9 0.250
2 7 0.150
16 19 0.100
15 17 0.200
5 20 0.200
0 23 0.200
11 18 0.100
3 12 0.150
8 13 0.100
6 21 0.100
# vertex degree
0 5
1 5
2 4
3 4
4 5
5 5
6 4
7 5
8 5
9 5
10 5
11 4
12 5
13 5
14 4
15 4
16 5
17 5
18 5
19 4
20 4
21 5
22 4
23 4
24 4
