# Automatic generated file V1.1
# nbClasses = 3 pIntra 0.800 pExtra 0.010
# predicted classes:
# [1, 5, 7, 9]
# [4, 8, 11, 12]
# [0, 2, 3, 6, 10]
# nbVertices nbEdges
13 22
# dmin dmax
3 5
# src but weight
1 5 1.000
1 9 0.900
5 7 0.800
7 9 0.500
4 8 0.900
4 12 0.700
8 11 0.700
11 12 0.700
0 2 0.700
0 3 1.000
0 6 0.800
0 10 0.500
2 3 0.700
2 6 1.000
3 6 0.600
3 10 0.500
6 10 0.900
1 8 0.020
5 6 0.030
7 11 0.030
4 9 0.030
0 12 0.010
# vertex degree
0 5
1 3
2 3
3 4
4 3
5 3
6 5
7 3
8 3
9 3
10 3
11 3
12 3
