# Automatic generated file V1.1
# nbClasses = 5 pIntra 0.800 pExtra 0.010
# predicted classes:
# [9, 11, 13, 16, 17]
# [1, 3, 4, 20, 21]
# [0, 8, 12, 19]
# [2, 5, 7, 22]
# [6, 10, 14, 15, 18]
# nbVertices nbEdges
23 48
# dmin dmax
3 5
# src but weight
9 11 1.000
9 16 1.000
9 17 0.900
11 13 0.500
11 16 0.600
11 17 0.600
13 16 0.700
13 17 0.500
16 17 0.700
1 3 0.500
1 4 0.900
1 20 0.900
1 21 1.000
3 4 0.700
3 20 0.500
3 21 0.600
4 20 1.000
4 21 0.900
20 21 0.600
0 8 0.700
0 19 1.000
8 12 0.500
12 19 0.800
2 5 0.800
2 22 0.800
5 7 0.500
7 22 1.000
6 10 0.900
6 14 1.000
6 15 0.600
6 18 0.800
10 14 0.600
10 15 0.700
10 18 1.000
14 15 0.900
14 18 0.600
15 18 0.900
3 9 0.040
4 11 0.010
13 14 0.030
7 16 0.030
1 17 0.010
15 20 0.020
0 21 0.040
8 18 0.020
5 12 0.020
2 19 0.040
6 22 0.010
# vertex degree
0 3
1 5
2 3
3 5
4 5
5 3
6 5
7 3
8 3
9 4
10 4
11 5
12 3
13 4
14 5
15 5
16 5
17 5
18 5
19 3
20 5
21 5
22 3
